"","100","104","18","21","24","31","32","35","37","39","40","41","42","44","45","46","47","48","49","50","51","52","53","54","55","56","57","58","59","60","61","62","63","64","65","66","67","68","69","70","71","72.4","72","73","74","75","76","77","78","79","80.7","80","81","82.4","82","83","84","85","86","87","88","89","90","91","92","93","94","95","97","98","106","22","26","28","38","43","83.6","100","104","18","21","24","31","32","35","37","39","40","41","42","44","45","46","47","48","49","50","51","52","53","54","55","56","57","58","59","60","61","62","63","64","65","66","67","68","69","70","71","72.4","72","73","74","75","76","77","78","79","80.7","80","81","82.4","82","83","84","85","86","87","88","89","90","91","92","93","94","95","97","98","106","22","26","28","38","43","83.6"
"100",1,-0.0405199636213903,0.0248625438569102,0.0741424777359057,0.396371132881842,-0.252331901420727,0.214120009132014,0.239500292613351,0.191708150313522,0.159919474576401,-0.0717793298772284,0.288623201300533,0.105394493087664,0.184659557441964,-0.123307334532054,-0.148969992020476,-0.10007699519287,0.286977892398618,0.428908980781872,-0.140976300941631,-0.102919066663656,-0.31702201421296,-0.188647590553897,-0.0858578225804737,-0.182845957243271,-0.144935490405501,-0.258794337252169,-0.296800659985586,-0.153199688247741,-0.0896120665634345,-0.163459618591981,0.0151486550963429,-0.164601921531063,0.0399291142695878,0.111576105774984,0.00906458338477127,0.231632768473545,0.0868883825419379,0.418829876030553,0.0193491237713288,0.543576913561991,-0.0717587153889763,0.067576138380515,0.123518462260474,0.170091163421698,0.206206507439491,0.0221783462643375,0.259024316732012,0.29014044729337,0.102263061293854,-0.00558863707325652,0.145340670350937,0.261349141988872,0.0218377458810864,0.105414469008961,0.455770416585115,0.541451348868716,0.101935118832984,0.186355718382895,0.297341776924618,0.323795575335404,0.692249137132395,0.2121871898257,0.618053562665943,0.75544316290805,0.111187641139075,0.230754521595834,0.6076703961325,0.693376166576492,0.516033004027208,0.118996476908647,-0.496438244086928,-0.0934091483832822,0.485267527140363,0.488720102135803,0.161731028541667,-0.00536475625188611,NA,0.000744983537888988,0.0385674078152733,6.54027276780766e-10,0,0,0,0,0,0,2.23913376729001e-09,0,0,0,0,0,0,0,0,0,0,0,0,8.29558643999917e-13,0,0,0,0,0,7.99360577730113e-14,0,0.207534818977456,0,0.000889751474161038,0,0.450760046558408,0,4.40758540776187e-13,0,0.10741712321725,0,2.262920073548e-09,1.81816697253367e-08,0,0,0,0.0649842081341794,0,0,0,0.641964841406855,0,0,0.0692140505155021,0,0,0,0,0,0,0,0,0,0,0,0,0,0,0,0,0,0,6.66133814775094e-15,0,0,0,0.655361002264888
"104",-0.0405199636213903,1,-0.101187044915874,-0.0906005212136876,-0.0740795641968831,-0.100034339035582,-0.0971780616828776,-0.0749357955989419,-0.139170354242655,-0.114351255123772,0.907498337594007,-0.0844568096489552,0.803195659606474,-0.0839363172336885,0.920162332544476,0.888121071809407,0.937322689575046,-0.0736517332585502,-0.140128638735625,0.786453290442942,0.760410574620576,-0.077306875678312,0.902827088628078,0.914011251040531,0.921937756787926,0.785256373178963,0.750651763354937,0.731781744764079,0.844033178631284,0.746885850927854,-0.0829972771742932,-0.102780328679938,-0.0495886094837723,0.673598628925699,-0.11148010221544,0.756452058864151,0.342064792559153,0.506597126174883,-0.111101820000561,0.694744409438818,-0.100636474316228,0.571154497185038,0.722545994017357,0.777126974901558,0.49879312499864,0.51989702468802,0.945295510788145,0.874608440836776,0.694700421456932,0.745371485132166,0.505231130246248,0.894130754399046,0.790636957761289,0.557120234328523,0.904567564442873,0.32791453508226,0.205958443816918,0.845724181044697,0.919866124762109,0.733495630533647,0.524751005397972,-0.0839863606846293,0.452893195404775,-0.0942270193528522,-0.0824507548834734,0.871775573829022,0.406042241600324,-0.0361785766958922,-0.119255775765522,-0.11846792282132,0.059165094987921,0.00307983348420383,-0.0702428131195391,-0.0911939860516122,-0.0934223142739327,0.0477864524369597,0.55352940943421,0.000744983537888988,NA,0,4.2632564145606e-14,6.76147360323398e-10,0,4.44089209850063e-16,4.28971969057557e-10,0,0,0,1.93622895494627e-12,0,2.64366306623742e-12,0,0,0,8.47151682137337e-10,0,0,0,1.18509868585193e-10,0,0,0,0,0,0,0,0,4.61497506876185e-12,0,3.65786708669269e-05,0,0,0,0,0,0,0,0,0,0,0,0,0,0,0,0,0,0,0,0,0,0,0,0,0,0,0,0,2.56594745451366e-12,0,3.99680288865056e-15,6.3646865555711e-12,0,0,0.00260489797817387,0,0,8.36776604451472e-07,0.797773973042424,4.88280793575768e-09,2.88657986402541e-14,6.66133814775094e-15,6.95287045520132e-05,0
"18",0.0248625438569102,-0.101187044915874,1,0.441068234078444,0.225196536048559,0.467029611125456,0.34143874694642,0.415221327082776,0.508687621000878,0.4787588983009,-0.0497076318512669,0.0988501923607866,0.129914624806465,0.357981393137531,-0.0299639499647646,0.0257810412196083,-0.0298296125168449,0.416933933878829,0.455242855646694,0.110248298028358,0.175945555891172,0.451425323545544,0.0180951293556484,0.0120568940440682,-0.0021178796314477,0.15938099723459,0.107116558910341,0.0705592620774103,0.0762560679022044,0.177974918625531,0.375690773397422,0.378762987023898,0.331573033115376,0.0112823725396899,0.386042168313252,0.0633150375526776,0.0783518560225974,0.00263451764964365,0.318379496448964,-0.0482185306910675,0.290151984342266,-0.0799025187598165,0.0354932874796955,-0.00475282666605817,0.0467189707060951,0.0154584309038993,-0.041300502638063,-0.00431465314213231,0.0384658516383429,-0.0159712904749136,-0.0498625825951827,-0.0224787404196286,-0.0380982956831951,-0.076425027491742,-0.0535637521374453,0.123011199671767,0.167631452060274,-0.0586703198791424,-0.0568454884717363,0.00709453946304345,0.0406523469126088,0.203919308660354,0.0451589554171279,0.262190687315373,0.188349951761143,0.0632609746983827,0.0151504274829626,0.174832560001113,0.168341215212613,0.247056053539072,0.0936424208658363,0.144794921296865,0.338106056006339,0.337064066003799,0.272902870048151,-0.152485316993047,-0.0785720169264476,0.0385674078152733,0,NA,0,0,0,0,0,0,0,3.50328221523366e-05,0,0,0,0.0126516521641509,0.0319349005429084,0.0130558049068652,0,0,0,0,0,0.132180793521883,0.315804691465553,0.860138105671939,0,0,4.16400425251595e-09,2.10582662418801e-10,0,0,0,0,0.34789861171259,0,1.34343147717431e-07,6.64033272812503e-11,0.826509419426896,0,5.9723140870549e-05,0,2.77236011925197e-11,0.00313872800222237,0.692535699737861,0.000100685478068296,0.19839087494488,0.0005871437699001,0.719623797969635,0.00136774578905996,0.183905683034746,3.31131202910839e-05,0.0614327955143825,0.00152040781956897,1.92088567274595e-10,8.21635958114797e-06,0,0,1.03262028927631e-06,2.21095601204979e-06,0.555028712648562,0.000715700137594144,0,0.000170633480190308,0,0,1.37686296142192e-07,0.207481646620587,0,0,0,5.77315972805081e-15,0,0,0,0,0,5.87179194155851e-11
"21",0.0741424777359057,-0.0906005212136876,0.441068234078444,1,0.309039468072378,0.511537579883825,0.659813825607969,0.645247283064938,0.38534624810015,0.541446540664198,-0.0323499985774279,0.208823754285238,0.214032524247953,0.628420992255649,-0.0421208648488452,-0.00321954375895183,-0.0107780282636635,0.548101207413487,0.500695644748634,0.118377758401519,0.145638231347219,0.310878923655642,-0.00886971373850336,0.0136209717838637,-0.0278188101551161,0.0754468602167598,0.0396007419786931,-0.0336241699322021,0.138139703462222,0.212284838904696,0.176761860574117,0.392746843294004,0.322104875098683,0.0826547721302129,0.313805722207459,0.0797428258607618,0.19589499193115,0.0695401265486282,0.347617592360521,0.0354525944798041,0.311113834729784,-0.0584267045232576,0.119335300417381,0.1020651669625,0.140700094446079,0.103382466019676,0.00906112458928065,0.0708834135853845,0.170922019390184,0.0494706574854605,0.0227821220335744,0.0561356378479272,0.0973915586757506,-0.0340814787517617,0.0189391339952562,0.224002873868526,0.322940714436209,-0.000838001242188873,0.000314311226843803,0.101789895426583,0.118011328680443,0.330017358094989,0.138366274252499,0.409263247552227,0.286135188978923,0.0900342470641639,0.160851155761132,0.255169457710599,0.275508848274931,0.357730385320453,0.0826298670309051,-0.166936377832856,0.0476722465269111,0.271008057248544,0.132084079040416,-0.109458736825407,-0.0395089300580288,6.54027276780766e-10,4.2632564145606e-14,0,NA,0,0,0,0,0,0,0.00710077884491533,0,0,0,0.000455195351266591,0.788812921309233,0.369873649383828,0,0,0,0,0,0.460553795577004,0.257106408593707,0.020621183274574,3.26162652442008e-10,0.000981074876503563,0.00513926464031011,0,0,0,0,0,5.64637225863862e-12,0,3.03563840731158e-11,0,6.93702539855678e-09,0,0.00317336424217518,0,1.14457928068745e-06,0,0,0,0,0.450932844519755,3.53476292680455e-09,0,3.81743470625473e-05,0.0580106750301106,2.95503055447455e-06,4.44089209850063e-16,0.00456465041839982,0.115073505590017,0,0,0.944418123554228,0.979138257218314,0,0,0,0,0,0,6.10622663543836e-14,0,0,0,0,5.72963898548551e-12,0,7.23643663516071e-05,0,0,0,0.00100811887260921
"24",0.396371132881842,-0.0740795641968831,0.225196536048559,0.309039468072378,1,0.131877103345155,0.434835242808973,0.507484264301879,0.691061602196289,0.595338261294713,-0.0345702821187344,0.312837251262154,0.213800231826771,0.429247621775481,-0.0534071783865004,-0.0516955550620491,-0.0550953638703854,0.532367450285844,0.518978436527096,-0.000228092305987802,0.117708457801139,0.114388255028422,-0.0964081213366408,-0.0348881285405197,-0.106945334472889,0.0347732306723479,-0.109320236738191,-0.176698683117662,-0.0168642143404142,0.0482999187502331,0.0204835227237191,0.282777801667609,0.235352616341454,0.0711836811931549,0.301475223536871,0.0500384051205887,0.242646384716614,0.0999462040678559,0.487984376437009,0.0182243113504899,0.467779616570033,-0.0862769853891002,0.0621987706293433,0.107891568204984,0.166359226204394,0.177430104138293,0.0093470580024238,0.160279754845206,0.197511465354674,0.0719241324035489,-0.0376947469202774,0.085975095222228,0.166825113307485,-0.0303562975700945,0.0737922369608326,0.377582717365288,0.41787902163421,0.0531418384261874,0.050468902343528,0.192787075022682,0.144373232786309,0.43616027503397,0.123682237249292,0.467618019956149,0.382697303412184,0.0723649850000839,0.133402262361756,0.424374140231481,0.412079230281203,0.438318563625028,0.0805699589690005,-0.294070152690636,0.437636782578614,0.483160022206524,0.449545047442423,0.00418309245294784,-0.0460207769609897,0,6.76147360323398e-10,0,0,NA,0,0,0,0,0,0.00401534621776456,0,0,0,8.73159774461563e-06,1.67955490963934e-05,4.49287337955795e-06,0,0,0.984860039188563,0,0,8.88178419700125e-16,0.00369110122718297,0,0.00380545950640609,0,0,0.160578849379285,5.80291531022681e-05,0.0883219191643723,0,0,3.0350983948324e-09,0,3.10558987852705e-05,0,0,0,0.129441597534897,0,6.41930952838266e-13,2.22271053784695e-07,0,0,0,0.43677499614208,0,0,2.0787795929067e-09,0.00170598721238102,7.72271135929259e-13,0,0.0115339576526865,7.86798626251084e-10,0,0,9.67595897849449e-06,2.65192484134591e-05,0,0,0,0,0,0,1.65642788374498e-09,0,0,0,0,1.89386284432658e-11,0,0,0,0,0.727828008395651,0.000127751407993815
"31",-0.252331901420727,-0.100034339035582,0.467029611125456,0.511537579883825,0.131877103345155,1,0.37391444448529,0.534686361801511,0.412496484247005,0.579185443440958,0.00658686562180393,0.154463976853459,0.163162056660744,0.568445193611594,0.0280223365475878,0.100453216536419,0.0307573403926258,0.429380490923739,0.505439361950839,0.300680888969726,0.30466604685445,0.745671961371266,0.119586543917648,0.0880756960170293,0.116429510716839,0.295577237449248,0.27603504330847,0.233501845804247,0.236190639028301,0.379301722990083,0.617959929928267,0.573992101205245,0.668939153811296,0.115286692772007,0.4757492601782,0.195993769397174,0.0739830391582632,0.0910321265315879,0.345944974526475,0.00607734749048561,0.102358091725529,-0.0153179165820183,0.0699978756503722,0.0213362604903782,0.0574235579539776,0.0182780204939685,-0.0013825159258931,-0.0742841649290988,0.0374971933115048,-0.00546614822484467,-0.0479212509817381,-0.0269839970184459,-0.0580347917836849,-0.0860485608925071,-0.0607328772081279,-0.0121434067390874,0.0965119804424515,-0.0480260287963576,-0.106215308524604,-0.0691732191667331,-0.0134288554154483,0.0159264528631518,0.113275453681389,0.181450674319384,-0.11478610656895,0.0629650048067246,-0.0267973946697907,-0.0283399951649697,0.0960818925990567,0.131245371462334,0.115929527872185,0.328654286163659,0.269052782847987,0.00702131272972735,0.0515728632158441,-0.244009199516235,-0.0675165081135621,0,0,0,0,0,NA,0,0,0,0,0.583689244646853,0,0,0,0.0197116543661964,0,0.0104829056717763,0,0,0,0,0,0,2.1094237467878e-13,0,0,0,0,0,0,0,0,0,0,0,0,7.11510406148363e-10,3.21964677141295e-14,0,0.613128386535304,0,0.202501394835866,5.52071122150721e-09,0.0758509959543867,1.74139173680921e-06,0.128315795045091,0.90842987845849,6.06764416488659e-10,0.0018042348228029,0.649280024537762,6.63169843220235e-05,0.0247451995488621,1.34958234965232e-06,7.38076266770804e-13,4.25069343279461e-07,0.312344547571578,8.88178419700125e-16,6.39180419996777e-05,0,8.32184188226393e-09,0.263878289616211,0.185139947193876,0,0,0,1.57463435623839e-07,0.0257590986623466,0.0183620553285853,1.11022302462516e-15,0,0,0,0,0.559119939836421,1.75886212894216e-05,0,1.87137081386624e-08
"32",0.214120009132014,-0.0971780616828776,0.34143874694642,0.659813825607969,0.434835242808973,0.37391444448529,1,0.634166246453935,0.477805142169451,0.575750750967015,-0.0543842975173166,0.239922843896466,0.188871680792094,0.531075189784825,-0.0557838309367646,-0.025581230577274,-0.0403506268528143,0.526791640019153,0.530954632230776,0.0452679581050615,0.114925373293921,0.192602679275019,-0.0563512051573104,-0.0299903351134896,-0.0809163119876113,0.0213677176419135,-0.0586863434500504,-0.122161105302407,0.0649850051656942,0.1173292863667,0.0786501297282409,0.37082549716846,0.270146243202121,0.0721026765280629,0.303904327712538,0.0483248783943973,0.220093455462859,0.0876383837390017,0.397978982840097,0.00462976685168143,0.442351486137907,-0.0735972373761805,0.0998320191596468,0.11368512220768,0.166547136113384,0.130862081474375,-0.00705232128722205,0.0977782746650489,0.20021481757112,0.0594844804321269,0.00389370452070644,0.0598806121083903,0.127456179819896,-0.0463737072549982,0.0287402946168824,0.295163408930463,0.375629831314669,0.00782607235525061,0.0237922269213673,0.150724192843124,0.137158654686861,0.436080584309297,0.139609024807599,0.477989948970132,0.378824066095485,0.0828378795250282,0.14415921660572,0.310824119380706,0.365871286297409,0.410421054371738,0.0652753628551308,-0.244162826092663,0.110328193953881,0.466697636435524,0.292476423746652,-0.10882151703626,-0.0489368328656627,0,4.44089209850063e-16,0,0,0,0,NA,0,0,0,5.95776622369648e-06,0,0,0,3.40763571848868e-06,0.0332879540234101,0.000784063208562058,0,0,0.000164544669947642,0,0,2.70682211089834e-06,0.0125735864918544,1.55218060626794e-11,0.0754199433717195,1.0256380038598e-06,0,6.22604758859779e-08,0,5.62061508446732e-11,0,0,1.89640436687455e-09,0,5.75188335059096e-05,0,2.76889622341514e-13,0,0.700105484689943,0,8.71755334586055e-10,0,0,0,0,0.557385684798507,4.44089209850063e-16,0,7.29914437780366e-07,0.74598336276163,6.15544586857197e-07,0,0.000113311468859845,0.0167770016308348,0,0,0.514979105217622,0.0477386334407397,0,0,0,0,0,0,5.06972241964831e-12,0,0,0,0,5.43622920012865e-08,0,0,0,0,0,4.62586474025972e-05
"35",0.239500292613351,-0.0749357955989419,0.415221327082776,0.645247283064938,0.507484264301879,0.534686361801511,0.634166246453935,1,0.518495480298772,0.731937277965977,-0.0149192184187193,0.452096510673077,0.279446258750105,0.711454428107845,-0.0316808074333205,-0.0166007536460115,-0.0203081921913626,0.704939408481962,0.741532671469984,0.163946531403243,0.212034970809875,0.358291762190394,-0.0334400142012057,0.00124837766380841,-0.0514214949526142,0.101572597024905,-0.00935161473519093,-0.070654220391938,0.0958672790211251,0.265686755184274,0.235843162957067,0.494482855944132,0.491661542334903,0.157497610833852,0.461286326707955,0.152535168237287,0.21605251259111,0.138022959779977,0.561761146751648,0.00670629810640206,0.413831503301713,-0.0742268153965182,0.12186006160382,0.115438776419538,0.189708062715335,0.15025882464599,0.040754402980578,0.148446217441782,0.262875325286943,0.0645306845651005,-0.0388415618571796,0.0905764815384351,0.155208930475212,-0.0540246310556019,0.0404449894241517,0.360083646954147,0.425447216860958,0.0293901001238448,0.0526494243696645,0.170499962190539,0.169930567264912,0.458736573263866,0.174865278659836,0.567559326421821,0.390064379040175,0.121971741663036,0.118521609174285,0.411818288356348,0.46800749702128,0.494993316682906,0.161333427365063,-0.166938975564044,0.181953123663058,0.326579176013228,0.365529846611038,-0.00879363512862192,-0.0552713176320475,0,4.28971969057557e-10,0,0,0,0,0,NA,0,0,0.214501701764908,0,0,0,0.00837997836450377,0.167216231013807,0.091080478468444,0,0,0,0,0,0.00538855884909095,0.917280839296007,1.8616261688198e-05,0,0.436551463762977,3.96917565481658e-09,1.33226762955019e-15,0,0,0,0,0,0,0,0,0,0,0.576885047385848,0,6.25479001925555e-10,0,0,0,0,0.000693858970915784,0,0,7.68945236373497e-08,0.00122641280411173,4.30766533554561e-14,0,6.86299477914432e-06,0.000762057540312,0,0,0.0144589727044586,1.1692824684495e-05,0,0,0,0,0,0,0,0,0,0,0,0,0,0,0,0,0.464409402369286,4.18763649379095e-06
"37",0.191708150313522,-0.139170354242655,0.508687621000878,0.38534624810015,0.691061602196289,0.412496484247005,0.477805142169451,0.518495480298772,1,0.766165263582644,-0.0539901888365711,0.314719852721404,0.243028253534217,0.537492864089954,-0.0192575310262069,0.0249959261063281,-0.0397020839085845,0.631770998031258,0.646596015020147,0.101790394318605,0.264692162397969,0.492618503264541,-0.0183384840834757,-0.003959334356143,-0.0578001094056616,0.195514725206746,0.0207257855865183,-0.0390784037996659,0.0707291170327662,0.132925797055024,0.351867939613502,0.543234023163629,0.469875877463661,0.0568553485337878,0.549454135545161,0.0776659627116735,0.24114797419115,0.0892520339715261,0.606258142319936,-0.0158404588739479,0.552060786500941,-0.111598936087053,0.0600761814399704,0.0814282611878792,0.166397571165634,0.126501488661479,-0.0270585475607631,0.082498198748851,0.167295501790217,0.0522937629795864,-0.0603533796892298,0.0423187814124607,0.0667609728173405,-0.0983037357007935,0.0175180012387888,0.347709194927621,0.369508331416661,-0.00965338545477651,-0.0312298679966145,0.128119043148155,0.0952260965499919,0.39538415715234,0.0953864747256591,0.490535962182245,0.278288412665213,0.0779228114893205,0.082219820195549,0.381886347174937,0.361912979647897,0.475804582835414,0.0859962871123414,-0.0821398348469475,0.706497232064344,0.471364516346701,0.513260279944869,-0.222632701248774,-0.0898909672289074,0,0,0,0,0,0,0,0,NA,0,6.95627157254464e-06,0,0,0,0.109091603867585,0.0375370152546659,0.000952004499571668,0,0,0,0,0,0.127057533647539,0.741853139747405,1.48878132177899e-06,0,0.0846215137707698,0.00114438206021616,3.82179354829759e-09,0,0,0,0,2.20201253542385e-06,0,9.72026903411916e-11,0,1.00364161426114e-13,0,0.187524264640216,0,0,5.6565243022888e-07,1.15494280805706e-11,0,0,0.0243498985339172,6.19015949610002e-12,0,1.33927722127947e-05,5.01562128718547e-07,0.000427799910928561,2.69126307905765e-08,2.22044604925031e-16,0.144969686384315,0,0,0.421895293177754,0.0093544815494,0,1.99840144432528e-15,0,1.77635683940025e-15,0,0,8.43087821777999e-11,7.28617166600998e-12,0,0,0,7.62057084102707e-13,7.63478169574228e-12,0,0,0,0,6.70574706873595e-14
"39",0.159919474576401,-0.114351255123772,0.4787588983009,0.541446540664198,0.595338261294713,0.579185443440958,0.575750750967015,0.731937277965977,0.766165263582644,1,-0.0233238907293586,0.413609689529715,0.299697567495637,0.732121013776281,0.000838399029008568,0.03826415368479,-0.0101259799718548,0.67199043781078,0.796363334542167,0.192774604969974,0.292527183606213,0.545126109433509,0.0120980956986167,0.0200561087679777,-0.0314078155441808,0.212492310174561,0.0405113673453558,-0.0420420402143869,0.135401083668178,0.244169546220367,0.36284563255888,0.612441968667977,0.581718248329452,0.131723290956546,0.516996592417369,0.143363254447837,0.235786657129778,0.126056520092506,0.639544203662194,6.86653382730694e-05,0.482268996211822,-0.103313587694138,0.100239420051368,0.108877085280686,0.162549726727955,0.126841235591999,0.00725946018782358,0.100141062226114,0.210442731985353,0.0624494878171284,-0.0574584504702983,0.0607774439784877,0.0979466546688364,-0.0910513943816667,0.0307471799465959,0.34588231290704,0.411172549812652,0.00778336929537725,-0.00297600168666814,0.130189618670337,0.133823694123141,0.427170936276529,0.159065490973171,0.551979058913302,0.333324690099538,0.127333413177685,0.0842752669431504,0.378690227032836,0.457808817709995,0.531677472628088,0.0727596076350032,-0.103522897983469,0.470979541881085,0.40230619391883,0.440715264023353,-0.18725611764514,-0.0811709378114279,0,0,0,0,0,0,0,0,0,NA,0.0522937093999791,0,0,0,0.944391782398549,0.00144967439789045,0.399531584397913,0,0,0,0,0,0.314153672062406,0.0951675518399862,0.0089584598143837,0,0.00074692299647916,0.000466555147696113,0,0,0,0,0,0,0,0,0,0,0,0.99544198892659,0,0,0,0,0,0,0.545868400471864,0,0,1.98650472071904e-07,1.71635360035616e-06,4.16862113272742e-07,4.44089209850063e-16,3.17523785042795e-14,0.0105084452576756,0,0,0.517275062399372,0.804451142738837,0,0,0,0,0,0,0,2.15871764908115e-12,0,0,0,1.35016997582227e-09,0,0,0,0,0,1.34026123532749e-11
"40",-0.0717793298772284,0.907498337594007,-0.0497076318512669,-0.0323499985774279,-0.0345702821187344,0.00658686562180393,-0.0543842975173166,-0.0149192184187193,-0.0539901888365711,-0.0233238907293586,1,-0.0253087995807382,0.847041364076962,-0.00292397028739737,0.957524393733878,0.909441654115043,0.944568936749251,0.033830539090101,-0.0744940226558349,0.842767791426538,0.838905844514894,0.0472581323668535,0.931741831136424,0.900546336091633,0.914033641382563,0.843198141038554,0.789468237838935,0.699505693128216,0.883387684798178,0.746756975855707,0.00815791205311584,-0.00523614388299896,0.0289644758391784,0.659960264906822,-0.0420577835108086,0.757468304760819,0.332061072288438,0.468787306233924,-0.0487942696129116,0.666914118876225,-0.0684217568044206,0.50546569911074,0.706239049786954,0.767043261628535,0.466338725203956,0.494891628640648,0.922191336332825,0.846423102218858,0.666095838743257,0.709256259947954,0.448550810485299,0.854102016221787,0.742777106530885,0.503945858186291,0.88841750439399,0.303418801492631,0.195871922652169,0.810989313184683,0.863386033655688,0.670903401840758,0.469864332310936,-0.0704307860562609,0.410672413748927,-0.0676713575072261,-0.114542918362251,0.885087704557957,0.374470710544938,-0.0489847476728364,-0.111602458510236,-0.0989060244665535,0.0873797251978247,0.0268716496490898,0.00488206228630361,-0.102854523327831,-0.0777739262131059,0.124600664826207,0.493412167653004,2.23913376729001e-09,0,3.50328221523366e-05,0.00710077884491533,0.00401534621776456,0.583689244646853,5.95776622369648e-06,0.214501701764908,6.95627157254464e-06,0.0522937093999791,NA,0.0352115740597574,0,0.807802560282362,0,0,0,0.00487231921677989,5.42826228411286e-10,0,0,8.35909828711401e-05,0,0,0,0,0,0,0,0,0.497319539763451,0.663107471342189,0.0159428503464811,0,0.000464265386016072,0,0,0,4.86779183392905e-05,0,1.20466157049748e-08,0,0,0,0,0,0,0,0,0,0,0,0,0,0,0,0,0,0,0,0,4.44247461039993e-09,0,1.73624064014888e-08,0,0,0,4.5471460623947e-05,0,0,3.25073301610246e-13,0.0253514118089719,0.684618950652358,0,9.15636455545155e-11,0,0
"41",0.288623201300533,-0.0844568096489552,0.0988501923607866,0.208823754285238,0.312837251262154,0.154463976853459,0.239922843896466,0.452096510673077,0.314719852721404,0.413609689529715,-0.0253087995807382,1,0.116860393807781,0.484137890083657,-0.0595925824022151,-0.116386905782742,-0.0924294611510618,0.520468688460651,0.519511216358242,0.102490474070883,0.0375934711488639,0.128566544722119,-0.141783497499658,-0.0763423884669989,-0.15010514449854,-0.0424843957062339,-0.10732950443164,-0.195962308041749,-0.0442832517737743,0.119683280341851,0.09552309196211,0.351044231551011,0.264857167573219,0.109373203623935,0.459343542228496,0.121064528275775,0.187601054059745,0.107976017874344,0.473307651135232,-0.0174783659802021,0.341540820106526,-0.0816984732076896,0.0450590188869211,0.0555206619960399,0.155056382619574,0.15130681064265,0.0220919620017632,0.117471694478397,0.238922867940571,0.0289735124289017,-0.0551749917962775,0.0743744349117456,0.147290793133759,-0.0535003303122711,0.0142364281420517,0.360959454732185,0.370527007382043,0.00339801313882306,0.0503680856356749,0.161199008899399,0.162958776869888,0.423532984111052,0.124042721857141,0.522339814717136,0.34769730188785,0.0148673371586629,0.0996882915901956,0.365173628237282,0.460855634124563,0.455999664499944,0.185909437551108,-0.296948428249053,0.0389442111382996,0.0994820008747739,0.316127781124877,0.245482081798425,-0.0610890556380636,0,1.93622895494627e-12,0,0,0,0,0,0,0,0,0.0352115740597574,NA,0,0,6.96819276502225e-07,0,1.28785870856518e-14,0,0,0,0.00175572203734697,0,0,2.00926830729031e-10,0,0.000406066725456178,0,0,0.000227826276742338,0,1.77635683940025e-15,0,0,0,0,0,0,0,0,0.145881608760641,0,9.87365744720137e-12,0.000176401467264498,3.78890967200896e-06,0,0,0.0660362820847984,0,0,0.0159100045297094,4.35218767469436e-06,5.78408432261313e-10,0,8.42146063639859e-06,0.236228042081342,0,0,0.777406511264851,2.75214032865456e-05,0,0,0,0,0,0,0.216100190361316,0,0,0,0,0,0,0.00119021511927397,0,0,0,3.63601069031105e-07
"42",0.105394493087664,0.803195659606474,0.129914624806465,0.214032524247953,0.213800231826771,0.163162056660744,0.188871680792094,0.279446258750105,0.243028253534217,0.299697567495637,0.847041364076962,0.116860393807781,1,0.318484556992842,0.865858019402252,0.859075125170224,0.872809344253474,0.291746923773293,0.278622114055367,0.82501625578909,0.856622216746632,0.211836088208597,0.856072084422006,0.845612829479157,0.821880677895865,0.853436629783844,0.705034560101122,0.606479570333296,0.862983945625951,0.769030793772958,0.128334504202474,0.233682465883592,0.194665901532293,0.663990452350446,0.177695886978756,0.733461226996255,0.451772284949238,0.508606356969218,0.255858909883369,0.636512965008902,0.22897192623533,0.427341273007695,0.710899369315945,0.785283443429048,0.541652466771284,0.537457231598537,0.876660680510857,0.866039718900853,0.764435021893471,0.710167825072251,0.407877635457181,0.858460681245846,0.783334833864096,0.449148197471486,0.869968221152342,0.511884019732744,0.441271005381673,0.783057107284335,0.850207205527629,0.734578443980322,0.558397321164628,0.231260824701606,0.494609937886564,0.266217918080442,0.166253151040811,0.905913206154005,0.445737254163395,0.234263599092878,0.172306763716476,0.221235910531262,0.153575255493078,-0.124416939039562,0.0985290867077476,0.0889211201402612,0.162502945250641,-0.0650189913623314,0.437728908196624,0,0,0,0,0,0,0,0,0,0,0,0,NA,0,0,0,0,0,0,0,0,0,0,0,0,0,0,0,0,0,0,0,0,0,0,0,0,0,0,0,0,0,0,0,0,0,0,0,0,0,0,0,0,0,0,0,0,0,0,0,0,0,0,0,0,0,0,0,0,0,0,0,2.22044604925031e-16,1.23900889548167e-13,0,6.12815016509671e-08,0
"44",0.184659557441964,-0.0839363172336885,0.357981393137531,0.628420992255649,0.429247621775481,0.568445193611594,0.531075189784825,0.711454428107845,0.537492864089954,0.732121013776281,-0.00292397028739737,0.484137890083657,0.318484556992842,1,-0.00738998222669086,0.0321063751853734,0.00548905574308539,0.668521908053657,0.760298238056974,0.228701999107257,0.23848191755689,0.47635627135335,0.00812613083433348,0.0398114319588926,-0.0144458810776188,0.165083845611888,0.0512145770912895,-0.0428047661673746,0.163756308584002,0.286685050451248,0.336681346872686,0.570798800318305,0.50305838821059,0.155451043215439,0.488929868715226,0.159414454328931,0.278740397288401,0.178095705616992,0.574491368650025,0.0610259917964775,0.426658411958866,-0.0572816055238282,0.138559681095539,0.155161282126947,0.205279725133667,0.168475667439237,0.0608891347914331,0.1411769787789,0.282368726694073,0.10429540653603,-0.019223495149502,0.121557811690874,0.176905858047508,-0.0378387341954412,0.0714471652130744,0.377852417509209,0.464137403674004,0.0462282569335485,0.0544517354075592,0.181389479747322,0.212959243108388,0.450465961973252,0.226246569162997,0.60941931598056,0.379615937807155,0.142239662599669,0.171735902740912,0.387718010716799,0.492753885314961,0.517513292378385,0.137683044585908,-0.208785175716999,0.163577654014786,0.22321923493999,0.329677326215949,-0.155135033288451,-0.0346157782215335,0,2.64366306623742e-12,0,0,0,0,0,0,0,0,0.807802560282362,0,0,NA,0.538672244745793,0.00754464128539878,0.647909358907677,0,0,0,0,0,0.498996768581247,0.000921533637051164,0.2294039129342,0,2.01138669417844e-05,0.000366921532441999,0,0,0,0,0,0,0,0,0,0,0,3.73820357557619e-07,0,1.8469196527704e-06,0,0,0,0,3.96959599857638e-07,0,0,0,0.109719075380392,0,0,0.00163750545415464,2.653824271448e-09,0,0,0.000119065367822913,5.80127178673173e-06,0,0,0,0,0,0,0,0,0,0,0,0,0,0,0,0,0,0.0039674014730362
"45",-0.123307334532054,0.920162332544476,-0.0299639499647646,-0.0421208648488452,-0.0534071783865004,0.0280223365475878,-0.0557838309367646,-0.0316808074333205,-0.0192575310262069,0.000838399029008568,0.957524393733878,-0.0595925824022151,0.865858019402252,-0.00738998222669086,1,0.960869062436078,0.969493214637915,0.00215154612609043,-0.0772015923420992,0.88007454739034,0.879187037909423,0.0976419806199648,0.97455517471649,0.933116657563243,0.9473990172468,0.889935437653477,0.831072534212949,0.74137843989307,0.912278331881821,0.757324219545752,0.0362887765592005,0.0233053204594723,0.054864191505651,0.657157738286408,-0.0435670702654382,0.760824366536769,0.339980044747539,0.483546853364269,-0.0652067557077048,0.68004412271763,-0.0717699771393383,0.528390042875688,0.717579023114039,0.780386987187076,0.474599048009554,0.493840259049818,0.924245658340114,0.839834635134058,0.66266150081033,0.730163107378757,0.4695431349658,0.859635620079962,0.730477568749564,0.516292425934063,0.894240321752574,0.293689212799523,0.177935049520737,0.819714649007947,0.86620450124409,0.674276171725248,0.478272839672564,-0.0991051138958334,0.421659584308284,-0.0932533944744712,-0.134994618957373,0.903361465024692,0.372229554251251,-0.0632096167869038,-0.135446065737508,-0.110239461299333,0.0442488258165831,0.0680532401312767,0.0481033419961713,-0.0806730883690107,-0.0607557853732134,0.0274219206190752,0.514752003263321,0,0,0.0126516521641509,0.000455195351266591,8.73159774461563e-06,0.0197116543661964,3.40763571848868e-06,0.00837997836450377,0.109091603867585,0.944391782398549,0,6.96819276502225e-07,0,0.538672244745793,NA,0,0,0.857938269669917,1.25579546761401e-10,0,0,4.44089209850063e-16,0,0,0,0,0,0,0,0,0.00252725045946511,0.0524815696421059,4.92641425209328e-06,0,0.000287502145618124,0,0,0,5.61359294604102e-08,0,2.24989515906771e-09,0,0,0,0,0,0,0,0,0,0,0,0,0,0,0,0,0,0,0,0,0,0,7.54951656745106e-15,0,0,0,1.40936605497188e-07,0,0,0.000230406196182642,1.44222362941093e-08,6.2200824235692e-05,1.7850831923738e-11,4.20831394620791e-07,0.0225005067043558,0
"46",-0.148969992020476,0.888121071809407,0.0257810412196083,-0.00321954375895183,-0.0516955550620491,0.100453216536419,-0.025581230577274,-0.0166007536460115,0.0249959261063281,0.03826415368479,0.909441654115043,-0.116386905782742,0.859075125170224,0.0321063751853734,0.960869062436078,1,0.955824801406371,-0.0139019118524363,-0.0446318940196567,0.876442394087883,0.878222465441032,0.169736825614463,0.972035843386674,0.918720083950036,0.939846244731799,0.903741597053578,0.835544604231015,0.758315224001653,0.911889492520871,0.753274939909473,0.0960741575086857,0.0627899801853523,0.0936812555553595,0.629593968772544,-0.0201846023227346,0.733564612721685,0.334212446872925,0.475185067714643,-0.0474776045531596,0.65874544990225,-0.0530269249989423,0.507563815936352,0.693944046642695,0.759440339833186,0.453146444113984,0.461122637519837,0.898190181679028,0.802297017214587,0.639932873835045,0.709460677925931,0.449769807893135,0.830116860258247,0.693109655238446,0.490972078343441,0.864877018362383,0.272773388493168,0.175671726882586,0.792292969235698,0.828902900184135,0.641076571300601,0.460731601346061,-0.104077375799076,0.417479020219252,-0.0817556844352424,-0.13185178835233,0.890601243794704,0.356289357641857,-0.0527612249298078,-0.127689141691624,-0.099637120990197,0.0259831753903595,0.108170947418154,0.0707480678146451,-0.0450804444735862,-0.0357081726369287,-0.106274944560964,0.49292927249113,0,0,0.0319349005429084,0.788812921309233,1.67955490963934e-05,0,0.0332879540234101,0.167216231013807,0.0375370152546659,0.00144967439789045,0,0,0,0.00754464128539878,0,NA,0,0.247422280649148,0.000203182572132921,0,0,0,0,0,0,0,0,0,0,0,1.11022302462516e-15,1.70422854051111e-07,5.77315972805081e-15,0,0.0930662781855589,0,0,0,7.74507996292861e-05,0,1.01145343478493e-05,0,0,0,0,0,0,0,0,0,0,0,0,0,0,0,0,0,0,0,0,0,0,9.55058254703545e-12,0,0,0,1.12024347473927e-05,0,0,0.0306143507731118,0,3.78535469636176e-09,0.000175149631584492,0.00296147409407022,0,0
"47",-0.10007699519287,0.937322689575046,-0.0298296125168449,-0.0107780282636635,-0.0550953638703854,0.0307573403926258,-0.0403506268528143,-0.0203081921913626,-0.0397020839085845,-0.0101259799718548,0.944568936749251,-0.0924294611510618,0.872809344253474,0.00548905574308539,0.969493214637915,0.955824801406371,1,-0.0192636165592193,-0.0689751981541438,0.862867541291914,0.857854440139721,0.0728098290393474,0.970370568504043,0.937080452466802,0.951985714905257,0.881228175844195,0.816886635844431,0.749905791356236,0.924112779804539,0.77993821171081,0.0242059964909114,0.00939641679244117,0.0437697764779141,0.66528658125679,-0.0488482719544047,0.754565250019554,0.351361387145786,0.493587840984648,-0.0658772348314952,0.694497445550328,-0.0694255059676365,0.53673589853386,0.727536524786431,0.795586231840266,0.4866471802021,0.496334509225523,0.948746459950549,0.859858021288424,0.686170700374502,0.741775712613917,0.481719301927134,0.87939208243596,0.756474284330075,0.524084763073399,0.913787480358621,0.303270450068176,0.206647006127087,0.833714354887922,0.887700396154089,0.694521030270893,0.491795558635905,-0.0859312791294649,0.440730704647236,-0.0688720734837484,-0.109742032143147,0.915498741618745,0.391909457797825,-0.0215623235140697,-0.117937510826632,-0.0952124318142557,0.0455688279519177,0.0509161956562225,-0.00404606756614981,-0.0816331669038589,-0.084765273108624,-0.039270197331579,0.523509424631706,0,0,0.0130558049068652,0.369873649383828,4.49287337955795e-06,0.0104829056717763,0.000784063208562058,0.091080478468444,0.000952004499571668,0.399531584397913,0,1.28785870856518e-14,0,0.647909358907677,0,0,NA,0.108979713048546,9.17729447991178e-09,0,0,1.31539446002193e-09,0,0,0,0,0,0,0,0,0.0439962697514291,0.43435719243273,0.000269272952047928,0,4.77477298366225e-05,0,0,0,4.09619822505647e-08,0,7.34361704779474e-09,0,0,0,0,0,0,0,0,0,0,0,0,0,0,0,0,0,0,0,0,7.93143328792212e-13,0,9.65603930147552e-09,0,0,0,0.0727975296666177,0,1.99840144432528e-15,0.000148781706386547,2.24767430059281e-05,0.736406238008925,1.02553521230675e-11,1.60849111807693e-12,0.00108170218074033,0
"48",0.286977892398618,-0.0736517332585502,0.416933933878829,0.548101207413487,0.532367450285844,0.429380490923739,0.526791640019153,0.704939408481962,0.631770998031258,0.67199043781078,0.033830539090101,0.520468688460651,0.291746923773293,0.668521908053657,0.00215154612609043,-0.0139019118524363,-0.0192636165592193,1,0.71884530545398,0.178597994481645,0.265181895905515,0.428040574459909,-0.0299254529511467,0.0251930068419533,-0.0448829520802574,0.113651636018155,0.0534234481189155,-0.0470775217665263,0.0971663283822517,0.273438974669665,0.330302226635554,0.56807400939077,0.519136601077088,0.172402416374865,0.590193109518996,0.239536658581571,0.276203232408981,0.166739852992151,0.635712429827104,0.0468771925829308,0.502377435344943,-0.0496356264059032,0.181347473568084,0.147604393771573,0.291910068033772,0.235763717753065,0.0659414266113331,0.211043605837052,0.296621346314511,0.114188549286797,-0.0162509943477312,0.133001332292274,0.196930313269784,-0.0083504289121454,0.0667900347164092,0.466722100091519,0.475818115828478,0.060628496741726,0.0837419505129489,0.232397994684001,0.211877841539708,0.543260309516371,0.207515338979875,0.614958469109757,0.397602178618258,0.136476116066827,0.205680373189083,0.45379976908816,0.430695298325005,0.565602795967043,0.31626630462394,-0.190440733181475,0.293336925637741,0.287853102384174,0.458523956552521,0.259026533045621,-0.031043333866903,0,8.47151682137337e-10,0,0,0,0,0,0,0,0,0.00487231921677989,0,0,0,0.857938269669917,0.247422280649148,0.108979713048546,NA,0,0,0,0,0.0127663226882702,0.0360574645572473,0.000187011812594395,0,8.67665463122336e-06,8.89860472423898e-05,4.44089209850063e-16,0,0,0,0,0,0,0,0,0,0,9.5354234681766e-05,0,3.59604386135359e-05,0,0,0,0,3.97381971772859e-08,0,0,0,0.176343411104616,0,0,0.487224109123889,2.6541029818361e-08,0,0,4.44906167906822e-07,2.96829227863782e-12,0,0,0,0,0,0,0,0,0,0,0,0,0,0,0,0,0,0.00978630587649909
"49",0.428908980781872,-0.140128638735625,0.455242855646694,0.500695644748634,0.518978436527096,0.505439361950839,0.530954632230776,0.741532671469984,0.646596015020147,0.796363334542167,-0.0744940226558349,0.519511216358242,0.278622114055367,0.760298238056974,-0.0772015923420992,-0.0446318940196567,-0.0689751981541438,0.71884530545398,1,0.162217518389243,0.190526431213103,0.438357955992637,-0.0756187223112249,-0.0233798849294225,-0.0967456096522149,0.13547139456124,-0.039233453763097,-0.105983904997363,0.0642740550307308,0.240879862513456,0.358604324337801,0.602229231661072,0.512584129345367,0.153324491455418,0.596317620920965,0.157037978565802,0.297314432045043,0.172469375652761,0.743528462096132,0.00864374794067101,0.631948723381126,-0.110372736893388,0.117101495175321,0.126025105860161,0.223057881089972,0.187896481716562,0.0135253413033664,0.165102271961377,0.317443572771152,0.0822415716321916,-0.0612866732249605,0.108929955642776,0.185479443239311,-0.0792924872310594,0.0411297213373582,0.46951444852496,0.582046499276446,0.0293773109183437,0.0613883012726268,0.219061406427937,0.264242069628174,0.630507933873909,0.258117125549677,0.755192290325917,0.587762023306294,0.143404120699551,0.168725762539372,0.552023342560565,0.692167362667238,0.657930702678931,0.183916861851379,-0.247304591607855,0.242603036034399,0.447995053120531,0.571215335445686,-0.117501936885593,-0.0779988082774866,0,0,0,0,0,0,0,0,0,0,5.42826228411286e-10,0,0,0,1.25579546761401e-10,0.000203182572132921,9.17729447991178e-09,0,NA,0,0,0,2.97332825027752e-10,0.0517306620996001,6.66133814775094e-16,0,0.00109345880168776,0,8.65793072790666e-08,0,0,0,0,0,0,0,0,0,0,0.472057853893805,0,0,0,0,0,0,0.260462050446492,0,0,7.19424519957101e-12,3.33294023047159e-07,0,0,3.91691123979854e-11,0.000618752323372052,0,0,0.0145017215606309,3.18672583876634e-07,0,0,0,0,0,0,0,0,0,0,0,0,0,0,0,0,0,8.0825346415736e-11
