"","CON","AD","PD","HD","MS","F","M","77","82","85","87","64","65","66","68","70","74","75","79","80","81","83","84","88","89","90","94","95","100","106","36","40","43","44","46","48","50","52","53","54","55","56","57","58","59","60","61","62","63","69","71","72","73","76","78","86","91","93","97","99","hippocampus","prefrontal_cortex","optic_chiasm","CON","AD","PD","HD","MS","F","M","77","82","85","87","64","65","66","68","70","74","75","79","80","81","83","84","88","89","90","94","95","100","106","36","40","43","44","46","48","50","52","53","54","55","56","57","58","59","60","61","62","63","69","71","72","73","76","78","86","91","93","97","99","hippocampus","prefrontal_cortex","optic_chiasm"
"CON",1,0.999171374872396,0.999926410085843,0.999178091543478,0.996033011069143,0.999926410085843,0.999926410085843,0.986889498030154,0.993500852691426,0.997964366652404,0.991156391974746,0.997443442886524,0.988921222417075,0.997622543812321,0.997832086611619,0.99616398867501,0.998128995016601,0.996434811389034,0.997746737578007,0.997451340591113,0.993841905529439,0.997366335095354,0.99548906332581,0.996740004886065,0.994710377526903,0.991412311821864,0.992695534289911,0.991588696450808,0.99389269004316,0.988377198129145,0.989754847453326,0.993380213834509,0.993715541446747,0.986412929464913,0.993982064148905,0.993515772808552,0.995135256654785,0.992487615685188,0.991724446961026,0.994884204160292,0.994992516673612,0.996033011069143,0.998232372865623,0.988568426923363,0.986817775925002,0.990679825652388,0.997377497580452,0.994172912482936,0.99083737208174,0.997710705403433,0.982279597354772,0.992963416331864,0.996234652444934,0.994692652239689,0.988435712552112,0.988756028690248,0.994623837767991,0.996407930059744,0.986045575876827,0.990387162175861,0.999926410085843,0.999926410085843,0.999926410085843,NA,0,0,0,0,0,0,0,0,0,0,0,0,0,0,0,0,0,0,0,0,0,0,0,0,0,0,0,0,0,0,0,0,0,0,0,0,0,0,0,0,0,0,0,0,0,0,0,0,0,0,0,0,0,0,0,0,0,0,0,0,0,0
"AD",0.999171374872396,1,0.999484864780838,0.999233284998904,0.995433922062331,0.999484864780838,0.999484864780838,0.985136184414032,0.994672095849145,0.99709424562005,0.991736512122212,0.996841594817504,0.988831574389942,0.996840834122626,0.997448561856075,0.995296406650715,0.997717733256675,0.995991888473772,0.996933643985212,0.997464639249674,0.993223901835149,0.996776208975099,0.994824334491227,0.996683528402109,0.993259334102521,0.989523715674356,0.992295476019232,0.991289509043744,0.994142518786134,0.988269083146669,0.989364611093732,0.993111121437899,0.99319590608099,0.985865429007404,0.99365816009037,0.993545848091767,0.995185791102,0.990916686706045,0.991140369873226,0.994617032784463,0.995004053341307,0.995433922062331,0.998171326743725,0.987967776885731,0.987225626955974,0.990382928632497,0.996954785322565,0.992087924954408,0.990062585827092,0.997232941566766,0.982033434906424,0.993075280403012,0.995389562236868,0.993872068699389,0.987867880878932,0.987772044906799,0.993936357499846,0.996742186634713,0.98585726061028,0.990729927117789,0.999484864780838,0.999484864780837,0.999484864780838,0,NA,0,0,0,0,0,0,0,0,0,0,0,0,0,0,0,0,0,0,0,0,0,0,0,0,0,0,0,0,0,0,0,0,0,0,0,0,0,0,0,0,0,0,0,0,0,0,0,0,0,0,0,0,0,0,0,0,0,0,0,0,0
"PD",0.999926410085843,0.999484864780838,1,0.99952380479762,0.99634321047487,1,1,0.986747526841344,0.994009501893676,0.997959774976078,0.991368783454583,0.997489620240957,0.988880823798157,0.997608261514442,0.997959194929782,0.996098623909876,0.998193119734859,0.996557572181921,0.997708955504001,0.997709125533766,0.993997917640841,0.997355939288258,0.995453789885431,0.996963857551033,0.994362630976155,0.991322910387382,0.992729305255709,0.991784007624581,0.994180124022578,0.988617762567572,0.989659175827236,0.993420645528077,0.993703149654233,0.986339854995025,0.994061176907832,0.993865416859634,0.995410313940191,0.992195867022712,0.991722745560021,0.995031026881231,0.995211631307115,0.99634321047487,0.998264373888049,0.98841227162886,0.987354061006402,0.990832663749567,0.99753249824448,0.993789220516964,0.990801562123613,0.997761687546534,0.982539819135943,0.993075543893034,0.996001665860149,0.994685154581126,0.988418047114016,0.988599908484525,0.994646733096189,0.996560392762528,0.986002973425836,0.990625337849547,1,1,1,0,0,NA,0,0,NA,0,0,0,0,0,0,0,0,0,0,0,0,0,0,0,0,0,0,0,0,0,0,0,0,0,0,0,0,0,0,0,0,0,0,0,0,0,0,0,0,0,0,0,0,0,0,0,0,0,0,0,0,0,0,0,NA,0
"HD",0.999178091543478,0.999233284998904,0.99952380479762,1,0.995083048706969,0.99952380479762,0.99952380479762,0.985738308594515,0.994133560867581,0.997446316054965,0.990862825133338,0.996948250800264,0.988048442691458,0.996835501108339,0.997733063164904,0.995364085987984,0.99762647715181,0.9964094345402,0.997015656699665,0.997643253862554,0.993434415956316,0.996778856824656,0.994724726196301,0.996704772497401,0.993015476226196,0.99112282141025,0.992276363287665,0.991545013488295,0.993835428938687,0.988647940058761,0.988465099248178,0.992803920726706,0.993136453411112,0.985159394541176,0.993232538812297,0.994329606511125,0.995794448938192,0.991035067115291,0.991128489793605,0.994624256803611,0.995005267076615,0.995083048706969,0.998354722641386,0.987350887082433,0.988371457513114,0.990355390044797,0.997385838892073,0.992480542461872,0.99008424940136,0.997224683006678,0.98312979477961,0.992670228263105,0.994641084479123,0.993934897081475,0.987413575313948,0.988069281539797,0.993972049424476,0.996217963038499,0.984983735052072,0.990350985453434,0.999523804797619,0.99952380479762,0.999523804797619,0,0,0,NA,0,0,0,0,0,0,0,0,0,0,0,0,0,0,0,0,0,0,0,0,0,0,0,0,0,0,0,0,0,0,0,0,0,0,0,0,0,0,0,0,0,0,0,0,0,0,0,0,0,0,0,0,0,0,0,0,0,0,0
"MS",0.996033011069143,0.995433922062331,0.99634321047487,0.995083048706969,1,0.99634321047487,0.99634321047487,0.985318334689456,0.990699998776567,0.994343256859818,0.987443124321619,0.994095273871324,0.984017071292057,0.994647460542034,0.994015843532231,0.992411586464311,0.994683457039939,0.992399090341178,0.994139544464529,0.994165333117451,0.992499466054071,0.993179639324275,0.991699550921579,0.993841911648255,0.990182499201299,0.987808627396301,0.988299040019246,0.988800971025383,0.991633062349351,0.984804511811775,0.986139760806921,0.989404614719543,0.989299535419632,0.983557998603535,0.991641003815472,0.989644554699439,0.990263680076356,0.988485717015962,0.987781258761244,0.991842224310701,0.991641344822085,1,0.990712271715577,0.983961712510491,0.982947415813353,0.988130889244277,0.99381815044298,0.990536740801109,0.987314202005438,0.994101687176162,0.977207652842726,0.988363354150066,0.992105284679678,0.991865742795666,0.985846423664983,0.983023358220099,0.991661164801483,0.991630545548219,0.982129544366203,0.986804525019435,0.99634321047487,0.99634321047487,0.99634321047487,0,0,0,0,NA,0,0,0,0,0,0,0,0,0,0,0,0,0,0,0,0,0,0,0,0,0,0,0,0,0,0,0,0,0,0,0,0,0,0,0,0,0,0,0,0,0,0,0,0,0,0,0,0,0,0,0,0,0,0,0,0,0,0
"F",0.999926410085843,0.999484864780838,1,0.99952380479762,0.99634321047487,1,1,0.986747526841344,0.994009501893676,0.997959774976077,0.991368783454582,0.997489620240957,0.988880823798156,0.997608261514442,0.997959194929782,0.996098623909876,0.998193119734859,0.996557572181921,0.997708955504001,0.997709125533766,0.993997917640841,0.997355939288257,0.995453789885431,0.996963857551033,0.994362630976155,0.991322910387382,0.992729305255709,0.991784007624581,0.994180124022578,0.988617762567572,0.989659175827237,0.993420645528077,0.993703149654233,0.986339854995024,0.994061176907832,0.993865416859634,0.995410313940191,0.992195867022712,0.991722745560021,0.995031026881231,0.995211631307115,0.99634321047487,0.998264373888049,0.988412271628861,0.987354061006401,0.990832663749567,0.99753249824448,0.993789220516964,0.990801562123612,0.997761687546534,0.982539819135943,0.993075543893034,0.996001665860149,0.994685154581126,0.988418047114016,0.988599908484525,0.994646733096189,0.996560392762528,0.986002973425836,0.990625337849547,1,1,1,0,0,NA,0,0,NA,0,0,0,0,0,0,0,0,0,0,0,0,0,0,0,0,0,0,0,0,0,0,0,0,0,0,0,0,0,0,0,0,0,0,0,0,0,0,0,0,0,0,0,0,0,0,0,0,0,0,0,0,0,0,NA,0,NA
"M",0.999926410085843,0.999484864780838,1,0.99952380479762,0.99634321047487,1,1,0.986747526841345,0.994009501893676,0.997959774976078,0.991368783454583,0.997489620240957,0.988880823798157,0.997608261514442,0.997959194929782,0.996098623909876,0.998193119734859,0.996557572181921,0.997708955504002,0.997709125533766,0.993997917640842,0.997355939288259,0.995453789885431,0.996963857551034,0.994362630976155,0.991322910387383,0.992729305255709,0.991784007624581,0.994180124022579,0.988617762567572,0.989659175827236,0.993420645528077,0.993703149654233,0.986339854995025,0.994061176907832,0.993865416859635,0.995410313940192,0.992195867022712,0.991722745560021,0.995031026881231,0.995211631307115,0.99634321047487,0.998264373888049,0.988412271628861,0.987354061006402,0.990832663749567,0.997532498244481,0.993789220516965,0.990801562123613,0.997761687546534,0.982539819135943,0.993075543893034,0.99600166586015,0.994685154581127,0.988418047114017,0.988599908484525,0.99464673309619,0.996560392762528,0.986002973425836,0.990625337849547,1,1,1,0,0,0,0,0,0,NA,0,0,0,0,0,0,0,0,0,0,0,0,0,0,0,0,0,0,0,0,0,0,0,0,0,0,0,0,0,0,0,0,0,0,0,0,0,0,0,0,0,0,0,0,0,0,0,0,0,0,0,0,0,NA,0,0
"77",0.986889498030154,0.985136184414032,0.986747526841344,0.985738308594515,0.985318334689456,0.986747526841344,0.986747526841345,1,0.976587472983606,0.984171608577671,0.975508956572912,0.983013469116892,0.974138348809291,0.985614800643824,0.983490537501777,0.982870495951178,0.984886656913976,0.984750960877285,0.983668677926702,0.982790307844531,0.98100100452139,0.984775139649086,0.982450984619352,0.983958195578621,0.981586202457489,0.975911285537326,0.977488171210472,0.978082690926265,0.982025320531856,0.971969916918826,0.976312159825495,0.979442031924529,0.979807133978804,0.973279570989312,0.980343884472358,0.978806272033635,0.981262371608699,0.979671785541202,0.978640021740857,0.982137425255018,0.981726843070117,0.985318334689456,0.9839282800126,0.977384955463212,0.972982096809231,0.978521274650774,0.984279264797987,0.981758730831045,0.975852306880011,0.984074999381497,0.971533470264745,0.978329281456117,0.984030817092691,0.981033572255762,0.976186930932229,0.974435407413275,0.98008497973489,0.981836162145446,0.979537338521976,0.976300585820511,0.986747526841344,0.986747526841344,0.986747526841344,0,0,0,0,0,0,0,NA,0,0,0,0,0,0,0,0,0,0,0,0,0,0,0,0,0,0,0,0,0,0,0,0,0,0,0,0,0,0,0,0,0,0,0,0,0,0,0,0,0,0,0,0,0,0,0,0,0,0,0,0,0,0,0
"82",0.993500852691426,0.994672095849145,0.994009501893676,0.994133560867581,0.990699998776567,0.994009501893676,0.994009501893676,0.976587472983606,1,0.991528262566086,0.982250752282208,0.991055487924907,0.981633133284717,0.989932922420456,0.991995394821789,0.98935221479096,0.991932770255909,0.990437875871554,0.991876912456239,0.993156028145052,0.988366675424318,0.990222797374596,0.988540723329181,0.990766085482743,0.988287375380035,0.982586556039126,0.986840600033239,0.985614477092413,0.987506828541324,0.982332465489542,0.984231777518063,0.986838541256744,0.987968578345659,0.980534809603978,0.989073190821198,0.989195068480359,0.991058012939459,0.984549284642713,0.985454952783037,0.989161915399973,0.989236349965054,0.990699998776567,0.992236622886927,0.981429376818046,0.983031381936935,0.984945042836881,0.991152081508109,0.985573720028006,0.983773513681013,0.992217068060898,0.976956372073357,0.989084636308333,0.989397751977698,0.987049690876057,0.981705998095671,0.983095308716518,0.989359131384903,0.990439990902852,0.98040067579981,0.984981443692259,0.994009501893676,0.994009501893676,0.994009501893676,0,0,0,0,0,0,0,0,NA,0,0,0,0,0,0,0,0,0,0,0,0,0,0,0,0,0,0,0,0,0,0,0,0,0,0,0,0,0,0,0,0,0,0,0,0,0,0,0,0,0,0,0,0,0,0,0,0,0,0,0,0,0,0
"85",0.997964366652404,0.99709424562005,0.997959774976078,0.997446316054965,0.994343256859818,0.997959774976077,0.997959774976078,0.984171608577671,0.991528262566086,1,0.988377767782244,0.99459813135281,0.98684410499855,0.995146335911629,0.995669406506971,0.993198283960462,0.995814528478496,0.994233452624712,0.995529238370881,0.995758699380162,0.99111301368603,0.994626300470266,0.992036632563327,0.995891248344686,0.991245116023618,0.989417191409324,0.991375902724628,0.99008701995737,0.992858310017207,0.9856714443061,0.986911091479822,0.992261713199964,0.992060661639142,0.984693804402644,0.992814173198545,0.991782625940749,0.993062017106115,0.990137374737295,0.990595975220261,0.993416368583541,0.993738383241633,0.994343256859818,0.996049058523346,0.987154728280655,0.985757298387605,0.989315586903973,0.995668674774561,0.990647879523549,0.988570598384157,0.995561319221628,0.97957066846928,0.990884911703289,0.994152415181354,0.99232663009974,0.986367364769797,0.985170838821827,0.992140656705535,0.994054813492434,0.984314161181995,0.98680016835376,0.997959774976077,0.997959774976078,0.997959774976078,0,0,0,0,0,0,0,0,0,NA,0,0,0,0,0,0,0,0,0,0,0,0,0,0,0,0,0,0,0,0,0,0,0,0,0,0,0,0,0,0,0,0,0,0,0,0,0,0,0,0,0,0,0,0,0,0,0,0,0,0,0,0,0
"87",0.991156391974746,0.991736512122212,0.991368783454583,0.990862825133338,0.987443124321619,0.991368783454582,0.991368783454583,0.975508956572912,0.982250752282208,0.988377767782244,1,0.989859435836124,0.979644481829226,0.989113199725155,0.989488196862625,0.988529029877353,0.989734127802218,0.987341522429367,0.988777009839232,0.989062214495316,0.984707878786031,0.987595563972859,0.985756464835578,0.988831033559622,0.984006012643085,0.981995042347055,0.984048578563753,0.98343001772163,0.983990597108176,0.980279108257369,0.981225616745949,0.985599667721767,0.985618601560533,0.977823690474382,0.984172023735705,0.986645509945548,0.986879296663111,0.9842360995552,0.982472612676686,0.985969926974395,0.986670818432112,0.987443124321619,0.989746989644031,0.97902008836351,0.978489394038923,0.981027163679599,0.988370256855751,0.984980918212469,0.982946140626332,0.989150860647565,0.973710632461669,0.985458318905324,0.987280397836195,0.986257367175883,0.980835476506554,0.979609051095188,0.985488121453798,0.988433654774397,0.97660011573273,0.981327684807227,0.991368783454583,0.991368783454583,0.991368783454583,0,0,0,0,0,0,0,0,0,0,NA,0,0,0,0,0,0,0,0,0,0,0,0,0,0,0,0,0,0,0,0,0,0,0,0,0,0,0,0,0,0,0,0,0,0,0,0,0,0,0,0,0,0,0,0,0,0,0,0,0,0,0,0
"64",0.997443442886524,0.996841594817504,0.997489620240957,0.996948250800264,0.994095273871324,0.997489620240957,0.997489620240957,0.983013469116892,0.991055487924907,0.99459813135281,0.989859435836124,1,0.986085055905558,0.995003076875637,0.995416712083479,0.993808944140603,0.995478876341954,0.99379483342912,0.995310073826442,0.994981084289702,0.991389973213099,0.994204325744849,0.993147016427109,0.993761552903889,0.991561904540269,0.989370512155923,0.988822826046491,0.988388648643172,0.990639749471694,0.987022455068919,0.98719077216096,0.990301294589939,0.990466008656146,0.98309464659423,0.990137441452828,0.991465768478248,0.992683345552562,0.990716616172538,0.987939497028177,0.992081566452574,0.992395529304505,0.994095273871324,0.995527931243187,0.984906754764109,0.983894607410909,0.987479882721953,0.995146384213018,0.991831626925663,0.988663560704388,0.995449517999987,0.98037841077694,0.990747537233588,0.993297894389703,0.993309520544164,0.98719675383553,0.987819391446949,0.992929613386385,0.993940181190426,0.982806105217833,0.988886285086628,0.997489620240957,0.997489620240957,0.997489620240957,0,0,0,0,0,0,0,0,0,0,0,NA,0,0,0,0,0,0,0,0,0,0,0,0,0,0,0,0,0,0,0,0,0,0,0,0,0,0,0,0,0,0,0,0,0,0,0,0,0,0,0,0,0,0,0,0,0,0,0,0,0,0,0
"65",0.988921222417075,0.988831574389942,0.988880823798157,0.988048442691458,0.984017071292057,0.988880823798156,0.988880823798157,0.974138348809291,0.981633133284717,0.98684410499855,0.979644481829226,0.986085055905558,1,0.985471440860164,0.986797536153249,0.983420927771535,0.986937804784151,0.984795447764051,0.986396806276181,0.986177345637605,0.984107376022492,0.987572451646961,0.984486030607519,0.985399632436793,0.982431055320381,0.979386462753357,0.979816486123862,0.978626067707167,0.984299755429582,0.978397156274812,0.978297716457614,0.981663535490908,0.982421442144794,0.975064568266374,0.983861173276056,0.98101651679424,0.983862405908944,0.98015831864036,0.983387380503501,0.984131065646083,0.981853311799471,0.984017071292057,0.988086201086828,0.975125045854344,0.975645327970126,0.981048075304535,0.986699923274902,0.982160340597761,0.980093470517685,0.987013457725251,0.970762027897689,0.983229980841875,0.984381908467862,0.983747024251624,0.9795781800536,0.979730115040871,0.98388027938729,0.985638440397387,0.974652772035828,0.978573769193229,0.988880823798157,0.988880823798157,0.988880823798157,0,0,0,0,0,0,0,0,0,0,0,0,NA,0,0,0,0,0,0,0,0,0,0,0,0,0,0,0,0,0,0,0,0,0,0,0,0,0,0,0,0,0,0,0,0,0,0,0,0,0,0,0,0,0,0,0,0,0,0,0,0,0,0
"66",0.997622543812321,0.996840834122626,0.997608261514442,0.996835501108339,0.994647460542034,0.997608261514442,0.997608261514442,0.985614800643824,0.989932922420456,0.995146335911629,0.989113199725155,0.995003076875637,0.985471440860164,1,0.995505439761182,0.994074121958089,0.995949838172244,0.994959710875326,0.995067047638696,0.994731190298353,0.990146149358527,0.994999810895546,0.993094459107743,0.994376762401588,0.992126340114917,0.989480184347003,0.99010350536696,0.989241702856874,0.991893897898649,0.986720325374915,0.987468721684213,0.989851757848936,0.99124479546056,0.983805856393216,0.990485025950269,0.990317115968599,0.99233424335717,0.990496426379622,0.989618022819138,0.993009355523617,0.993112942455904,0.994647460542034,0.995315671881934,0.986867452793908,0.984244561824387,0.987509750751334,0.994680573462605,0.992065252438443,0.989555721268792,0.99505578476676,0.981514731151718,0.989658948149552,0.993684705492191,0.992982919581935,0.985192260958068,0.985612613948191,0.991537784614676,0.994268062520689,0.984151513944192,0.988709005999828,0.997608261514442,0.997608261514442,0.997608261514442,0,0,0,0,0,0,0,0,0,0,0,0,0,NA,0,0,0,0,0,0,0,0,0,0,0,0,0,0,0,0,0,0,0,0,0,0,0,0,0,0,0,0,0,0,0,0,0,0,0,0,0,0,0,0,0,0,0,0,0,0,0,0,0
"68",0.997832086611619,0.997448561856075,0.997959194929782,0.997733063164904,0.994015843532231,0.997959194929782,0.997959194929782,0.983490537501777,0.991995394821789,0.995669406506971,0.989488196862625,0.995416712083479,0.986797536153249,0.995505439761182,1,0.994470318754391,0.996008104223165,0.994767643722426,0.99571461982956,0.995717601381988,0.991799846968975,0.994729817872808,0.993487117582335,0.994545880501384,0.992265842974334,0.989944725966627,0.989665617181314,0.989186632459874,0.991547578528059,0.987681140717633,0.987295328374365,0.991293377372308,0.99098787207881,0.984106913737156,0.99199070416751,0.991575731730761,0.993119832742748,0.990187930059434,0.989180044717034,0.992725988577995,0.992175063245373,0.994015843532231,0.996486736740493,0.986414326816129,0.985671524244446,0.988114760776623,0.995317408001939,0.991338252570501,0.988389309101496,0.995227216879288,0.980245300769791,0.991472001460403,0.993904449220343,0.992630364725322,0.98602343878785,0.986136015687105,0.992697432706122,0.99432077156457,0.983211439380458,0.989135940186184,0.997959194929782,0.997959194929782,0.997959194929782,0,0,0,0,0,0,0,0,0,0,0,0,0,0,NA,0,0,0,0,0,0,0,0,0,0,0,0,0,0,0,0,0,0,0,0,0,0,0,0,0,0,0,0,0,0,0,0,0,0,0,0,0,0,0,0,0,0,0,0,0,0,0,0
"70",0.99616398867501,0.995296406650715,0.996098623909876,0.995364085987984,0.992411586464311,0.996098623909876,0.996098623909876,0.982870495951178,0.98935221479096,0.993198283960462,0.988529029877353,0.993808944140603,0.983420927771535,0.994074121958089,0.994470318754391,1,0.994071416698193,0.992743138364981,0.993713297835145,0.993136855440485,0.987779710558953,0.993298030985452,0.992139535799844,0.991978251389759,0.990195059173818,0.986302227319502,0.989011241209736,0.98713581587373,0.988623912558903,0.987218247141088,0.985845850655996,0.98896141863238,0.989351105555506,0.982753826017822,0.988930254009521,0.990089740251085,0.990867780029167,0.988701654045145,0.986541476707862,0.990539592427286,0.991384236417564,0.992411586464311,0.994359849579723,0.983865424652592,0.983258018943144,0.986334250739828,0.993020740721722,0.990654193336773,0.988530933612412,0.99362511524968,0.980269712506985,0.98884647985813,0.99207122028798,0.992035523586153,0.983973853640061,0.986218500549549,0.990899527590385,0.993097106344925,0.980465739722093,0.988437296781039,0.996098623909876,0.996098623909876,0.996098623909876,0,0,0,0,0,0,0,0,0,0,0,0,0,0,0,NA,0,0,0,0,0,0,0,0,0,0,0,0,0,0,0,0,0,0,0,0,0,0,0,0,0,0,0,0,0,0,0,0,0,0,0,0,0,0,0,0,0,0,0,0,0,0,0
"74",0.998128995016601,0.997717733256675,0.998193119734859,0.99762647715181,0.994683457039939,0.998193119734859,0.998193119734859,0.984886656913976,0.991932770255909,0.995814528478496,0.989734127802218,0.995478876341954,0.986937804784151,0.995949838172244,0.996008104223165,0.994071416698193,1,0.994966519355478,0.995852137997677,0.995429941363474,0.992841548491601,0.99530130778715,0.99347294261183,0.994778917602169,0.992358252275137,0.989804213990094,0.990064617023597,0.989225394503947,0.991972756078041,0.98601262349658,0.987632883903019,0.991729848600346,0.991486623402226,0.984634724441267,0.992217392951565,0.992022014300003,0.993697085018805,0.990701896878033,0.989472572838804,0.992959701337086,0.993078629631967,0.994683457039939,0.996213086685693,0.985923721363545,0.98521877432237,0.989115274704261,0.995489475285687,0.991640000838475,0.988756485634887,0.995732898886252,0.98129474424886,0.991668419092211,0.994340679020744,0.992716182020986,0.986568383577981,0.987468944840229,0.993025260326595,0.994603545794616,0.984261086172235,0.987939121889675,0.998193119734859,0.998193119734859,0.998193119734859,0,0,0,0,0,0,0,0,0,0,0,0,0,0,0,0,NA,0,0,0,0,0,0,0,0,0,0,0,0,0,0,0,0,0,0,0,0,0,0,0,0,0,0,0,0,0,0,0,0,0,0,0,0,0,0,0,0,0,0,0,0,0,0
"75",0.996434811389034,0.995991888473772,0.996557572181921,0.9964094345402,0.992399090341178,0.996557572181921,0.996557572181921,0.984750960877285,0.990437875871554,0.994233452624712,0.987341522429367,0.99379483342912,0.984795447764051,0.994959710875326,0.994767643722426,0.992743138364981,0.994966519355478,1,0.994590203394164,0.993263392468804,0.990000020048822,0.993597503235472,0.991724311495115,0.992877558767642,0.990066301128983,0.988189216826493,0.988484701936749,0.987105461139934,0.990776687546961,0.985153644848369,0.985906491864667,0.989571061819914,0.990367862419143,0.982538608872762,0.990592368011529,0.98977971973629,0.991947723902037,0.989680099749628,0.987592103347875,0.992093917180574,0.990824192023515,0.992399090341178,0.995015327702984,0.983968218895052,0.984330183704453,0.987174185323046,0.994199220501479,0.989746249240813,0.98731293822872,0.993808383907363,0.981005610221763,0.989499838355551,0.992689139831568,0.990981579325562,0.984104623502685,0.984346362188745,0.991234624758766,0.992981578993165,0.983649268056538,0.986804248615134,0.996557572181921,0.996557572181921,0.996557572181921,0,0,0,0,0,0,0,0,0,0,0,0,0,0,0,0,0,NA,0,0,0,0,0,0,0,0,0,0,0,0,0,0,0,0,0,0,0,0,0,0,0,0,0,0,0,0,0,0,0,0,0,0,0,0,0,0,0,0,0,0,0,0,0
"79",0.997746737578007,0.996933643985212,0.997708955504001,0.997015656699665,0.994139544464529,0.997708955504001,0.997708955504002,0.983668677926702,0.991876912456239,0.995529238370881,0.988777009839232,0.995310073826442,0.986396806276181,0.995067047638696,0.99571461982956,0.993713297835145,0.995852137997677,0.994590203394164,1,0.995038094530029,0.992291846089115,0.99465365047897,0.99324414969755,0.994514798855045,0.991714464619857,0.989245893195621,0.990105996039991,0.988500780148262,0.991424124291933,0.985811444027231,0.987723017294943,0.991113579951211,0.991152517211939,0.984241600347169,0.992026085376876,0.991667911458539,0.992982887745291,0.990391744118587,0.988678868934993,0.993139617018618,0.992536634360389,0.994139544464529,0.995905095461624,0.984872200573165,0.984711249569306,0.987873002242843,0.995164821367325,0.991725629888446,0.98824636913996,0.995194494655924,0.979084273241194,0.990411340401414,0.993814875805803,0.992355800714218,0.986073167308022,0.987329882023708,0.992332785532058,0.993485660198698,0.982255991799416,0.988479721424124,0.997708955504001,0.997708955504001,0.997708955504001,0,0,0,0,0,0,0,0,0,0,0,0,0,0,0,0,0,0,NA,0,0,0,0,0,0,0,0,0,0,0,0,0,0,0,0,0,0,0,0,0,0,0,0,0,0,0,0,0,0,0,0,0,0,0,0,0,0,0,0,0,0,0,0
"80",0.997451340591113,0.997464639249674,0.997709125533766,0.997643253862554,0.994165333117451,0.997709125533766,0.997709125533766,0.982790307844531,0.993156028145052,0.995758699380162,0.989062214495316,0.994981084289702,0.986177345637605,0.994731190298353,0.995717601381988,0.993136855440485,0.995429941363474,0.993263392468804,0.995038094530029,1,0.991934818466025,0.994215075310549,0.992697962008073,0.99452929269871,0.99182823647766,0.988524499543913,0.989552255299517,0.989913576462412,0.992028837376206,0.987330675833246,0.987474778183848,0.990910258985045,0.992234361235906,0.983818418625797,0.991689435652154,0.991715797437935,0.99423498480058,0.989563240765063,0.99036813156193,0.992390248644784,0.992580280626798,0.994165333117451,0.99596148940032,0.987082714479114,0.98612339323718,0.988267233507285,0.995224281153121,0.990411508262148,0.987122383767108,0.995740685029387,0.979704344638075,0.990521459912192,0.992681224124153,0.991947411849477,0.986309880134418,0.985268366279557,0.992708107332342,0.993347866638639,0.983534952582297,0.988071250938549,0.997709125533766,0.997709125533766,0.997709125533766,0,0,0,0,0,0,0,0,0,0,0,0,0,0,0,0,0,0,0,NA,0,0,0,0,0,0,0,0,0,0,0,0,0,0,0,0,0,0,0,0,0,0,0,0,0,0,0,0,0,0,0,0,0,0,0,0,0,0,0,0,0,0,0
"81",0.993841905529439,0.993223901835149,0.993997917640841,0.993434415956316,0.992499466054071,0.993997917640841,0.993997917640842,0.98100100452139,0.988366675424318,0.99111301368603,0.984707878786031,0.991389973213099,0.984107376022492,0.990146149358527,0.991799846968975,0.987779710558953,0.992841548491601,0.990000020048822,0.992291846089115,0.991934818466025,1,0.992265362222626,0.989239679752152,0.991373725196571,0.989219092844227,0.985346094940145,0.986645558482216,0.98618287081891,0.989228020392397,0.979988233739654,0.98286764486806,0.987742648842948,0.987120425703667,0.980471917287553,0.989927486051823,0.988939508142229,0.98997364854228,0.986056647505759,0.985987956994296,0.989806217190855,0.98940080552354,0.992499466054071,0.990739494491408,0.980795863649269,0.981361061234999,0.985582947338378,0.991717921196654,0.987148108634059,0.98279858453357,0.991742927785391,0.973112085016735,0.986362783997891,0.99045096391627,0.987427074226366,0.983298642024385,0.980060343378085,0.987732620555519,0.989891616746884,0.98000639134975,0.983868391995044,0.993997917640841,0.993997917640841,0.993997917640841,0,0,0,0,0,0,0,0,0,0,0,0,0,0,0,0,0,0,0,0,NA,0,0,0,0,0,0,0,0,0,0,0,0,0,0,0,0,0,0,0,0,0,0,0,0,0,0,0,0,0,0,0,0,0,0,0,0,0,0,0,0,0,0
"83",0.997366335095354,0.996776208975099,0.997355939288258,0.996778856824656,0.993179639324275,0.997355939288257,0.997355939288259,0.984775139649086,0.990222797374596,0.994626300470266,0.987595563972859,0.994204325744849,0.987572451646961,0.994999810895546,0.994729817872808,0.993298030985452,0.99530130778715,0.993597503235472,0.99465365047897,0.994215075310549,0.992265362222626,1,0.993487102345983,0.99363594495267,0.993259852458307,0.985579417061402,0.990441051942451,0.988953517022677,0.991671550837632,0.985506298523772,0.986907186721874,0.991048443874206,0.990449182595245,0.983590548269804,0.991269773383042,0.990326211199326,0.992204231658366,0.988481234820845,0.989496549042198,0.992774134967463,0.993242739210355,0.993179639324275,0.996179231248702,0.986097719845175,0.984341277462346,0.988677676034527,0.995094045942155,0.992684713433507,0.988781539364834,0.994970953256391,0.979305070131014,0.989244191302145,0.993928784231069,0.992486930881764,0.985932529063389,0.986012311187106,0.990777347096206,0.993953839079096,0.983389757210759,0.989296930209078,0.997355939288258,0.997355939288258,0.997355939288258,0,0,0,0,0,0,0,0,0,0,0,0,0,0,0,0,0,0,0,0,0,NA,0,0,0,0,0,0,0,0,0,0,0,0,0,0,0,0,0,0,0,0,0,0,0,0,0,0,0,0,0,0,0,0,0,0,0,0,0,0,0,0,0
"84",0.99548906332581,0.994824334491227,0.995453789885431,0.994724726196301,0.991699550921579,0.995453789885431,0.995453789885431,0.982450984619352,0.988540723329181,0.992036632563327,0.985756464835578,0.993147016427109,0.984486030607519,0.993094459107743,0.993487117582335,0.992139535799844,0.99347294261183,0.991724311495115,0.99324414969755,0.992697962008073,0.989239679752152,0.993487102345983,1,0.991751608876425,0.990074833401257,0.986265997081951,0.987391254258782,0.986755344040134,0.98800627088358,0.984827297657472,0.985884361975959,0.989145831766766,0.989216759112698,0.981821694598559,0.989503173376954,0.989549840573492,0.990644463771848,0.987998064226558,0.986470174850948,0.989937418125836,0.989599777424891,0.991699550921579,0.993707687155075,0.983280509574494,0.982597710875822,0.986383275556957,0.992737542603716,0.991113407471463,0.986660945700742,0.993109162081358,0.97744787005718,0.98856446247113,0.991820387785526,0.990355285175764,0.983893116873523,0.985795700266133,0.990961190467231,0.991608875521548,0.98061779413703,0.986635742383944,0.995453789885431,0.995453789885431,0.995453789885431,0,0,0,0,0,0,0,0,0,0,0,0,0,0,0,0,0,0,0,0,0,0,NA,0,0,0,0,0,0,0,0,0,0,0,0,0,0,0,0,0,0,0,0,0,0,0,0,0,0,0,0,0,0,0,0,0,0,0,0,0,0,0,0
"88",0.996740004886065,0.996683528402109,0.996963857551033,0.996704772497401,0.993841911648255,0.996963857551033,0.996963857551034,0.983958195578621,0.990766085482743,0.995891248344686,0.988831033559622,0.993761552903889,0.985399632436793,0.994376762401588,0.994545880501384,0.991978251389759,0.994778917602169,0.992877558767642,0.994514798855045,0.99452929269871,0.991373725196571,0.99363594495267,0.991751608876425,1,0.990919902273996,0.987307313951703,0.990184093441235,0.988646462779222,0.991077074695236,0.984750378629131,0.986285352219625,0.990593147582953,0.991165418756624,0.983821501681181,0.99166453777184,0.991102395992859,0.992453240858285,0.988388210584028,0.989536430004221,0.992307868474137,0.992745855464802,0.993841911648255,0.994803395743035,0.985821671126002,0.9844779009677,0.988356282915173,0.994915771283952,0.990689235416892,0.987979278201168,0.994556011893439,0.980054801598183,0.989207126681763,0.992520046191054,0.990942198408009,0.984207460280704,0.984912251144869,0.991010198343724,0.993318326243189,0.981565516172837,0.986901866423925,0.996963857551033,0.996963857551033,0.996963857551033,0,0,0,0,0,0,0,0,0,0,0,0,0,0,0,0,0,0,0,0,0,0,0,NA,0,0,0,0,0,0,0,0,0,0,0,0,0,0,0,0,0,0,0,0,0,0,0,0,0,0,0,0,0,0,0,0,0,0,0,0,0,0,0
"89",0.994710377526903,0.993259334102521,0.994362630976155,0.993015476226196,0.990182499201299,0.994362630976155,0.994362630976155,0.981586202457489,0.988287375380035,0.991245116023618,0.984006012643085,0.991561904540269,0.982431055320381,0.992126340114917,0.992265842974334,0.990195059173818,0.992358252275137,0.990066301128983,0.991714464619857,0.99182823647766,0.989219092844227,0.993259852458307,0.990074833401257,0.990919902273996,1,0.983432689201738,0.9873288664499,0.986812480776712,0.987538725302203,0.982869935770506,0.984749249979381,0.988244794623461,0.988370994537685,0.981127915551559,0.988905725816963,0.987776422569808,0.98887098586481,0.987287166699765,0.98678790614948,0.989472462505075,0.988973912186742,0.990182499201299,0.993002006059801,0.984313195499601,0.981375936506788,0.984951549585111,0.991658693058889,0.989529253760151,0.985549482004313,0.991882056545571,0.974398893661732,0.98722201001533,0.9909024412633,0.989234760007871,0.982246653558738,0.981584602329008,0.989051611533951,0.990538031514196,0.979465248942636,0.98492802303119,0.994362630976155,0.994362630976155,0.994362630976155,0,0,0,0,0,0,0,0,0,0,0,0,0,0,0,0,0,0,0,0,0,0,0,0,NA,0,0,0,0,0,0,0,0,0,0,0,0,0,0,0,0,0,0,0,0,0,0,0,0,0,0,0,0,0,0,0,0,0,0,0,0,0,0
"90",0.991412311821864,0.989523715674356,0.991322910387382,0.99112282141025,0.987808627396301,0.991322910387382,0.991322910387383,0.975911285537326,0.982586556039126,0.989417191409324,0.981995042347055,0.989370512155923,0.979386462753357,0.989480184347003,0.989944725966627,0.986302227319502,0.989804213990094,0.988189216826493,0.989245893195621,0.988524499543913,0.985346094940145,0.985579417061402,0.986265997081951,0.987307313951703,0.983432689201738,1,0.98411201347524,0.983273711905038,0.985733359791528,0.980134080833796,0.980943006843835,0.985087918559081,0.986733668017611,0.977571806421214,0.985654430668156,0.985791308569163,0.987524971386669,0.985692347271402,0.983695030612918,0.98626200511809,0.986609697473492,0.987808627396301,0.989015030640804,0.979121261231959,0.978635495001973,0.981247258504336,0.989040672780965,0.984581681699905,0.982587809428063,0.98893174391441,0.974128592869136,0.982958298788291,0.98678003374846,0.986577699763104,0.97948897637676,0.979479057237007,0.986648831426052,0.988263930769284,0.975042410762704,0.980528227353955,0.991322910387382,0.991322910387382,0.991322910387383,0,0,0,0,0,0,0,0,0,0,0,0,0,0,0,0,0,0,0,0,0,0,0,0,0,NA,0,0,0,0,0,0,0,0,0,0,0,0,0,0,0,0,0,0,0,0,0,0,0,0,0,0,0,0,0,0,0,0,0,0,0,0,0
"94",0.992695534289911,0.992295476019232,0.992729305255709,0.992276363287665,0.988299040019246,0.992729305255709,0.992729305255709,0.977488171210472,0.986840600033239,0.991375902724628,0.984048578563753,0.988822826046491,0.979816486123862,0.99010350536696,0.989665617181314,0.989011241209736,0.990064617023597,0.988484701936749,0.990105996039991,0.989552255299517,0.986645558482216,0.990441051942451,0.987391254258782,0.990184093441235,0.9873288664499,0.98411201347524,1,0.985436283036919,0.987176122882095,0.981048392977457,0.982927753366716,0.987911871159026,0.986770181465685,0.981264827368325,0.987139873614133,0.987960515355169,0.988223205874382,0.982981408356667,0.984777639880386,0.988094941228247,0.990147505911787,0.988299040019246,0.991272107656567,0.980749562825436,0.980843122203532,0.984714549560506,0.990273126895709,0.987026589324476,0.98563213683084,0.990088064671404,0.97623539822515,0.984823154506444,0.988968753952768,0.986769909660875,0.978430448378325,0.979402615017721,0.986289589827945,0.991008776090495,0.977680458458717,0.98392750894801,0.992729305255709,0.992729305255709,0.992729305255709,0,0,0,0,0,0,0,0,0,0,0,0,0,0,0,0,0,0,0,0,0,0,0,0,0,0,NA,0,0,0,0,0,0,0,0,0,0,0,0,0,0,0,0,0,0,0,0,0,0,0,0,0,0,0,0,0,0,0,0,0,0,0,0
"95",0.991588696450808,0.991289509043744,0.991784007624581,0.991545013488295,0.988800971025383,0.991784007624581,0.991784007624581,0.978082690926265,0.985614477092413,0.99008701995737,0.98343001772163,0.988388648643172,0.978626067707167,0.989241702856874,0.989186632459874,0.98713581587373,0.989225394503947,0.987105461139934,0.988500780148262,0.989913576462412,0.98618287081891,0.988953517022677,0.986755344040134,0.988646462779222,0.986812480776712,0.983273711905038,0.985436283036919,1,0.985618762493238,0.979872243426094,0.982994793602126,0.986129889956607,0.985345357961587,0.976770841280141,0.986735608899356,0.986530920919796,0.987971549694908,0.982491543893706,0.983055862820576,0.986660441425978,0.988717913914217,0.988800971025383,0.989979996295145,0.984232536049793,0.979578310773694,0.984172074474932,0.989364106008171,0.985444070272912,0.981009309658571,0.990417262169548,0.972849941436814,0.985292784068566,0.987059388427449,0.984699881682817,0.978847833666051,0.97690866975381,0.984969645146452,0.988986818349214,0.980161969091199,0.982106592678589,0.991784007624581,0.991784007624581,0.991784007624581,0,0,0,0,0,0,0,0,0,0,0,0,0,0,0,0,0,0,0,0,0,0,0,0,0,0,0,NA,0,0,0,0,0,0,0,0,0,0,0,0,0,0,0,0,0,0,0,0,0,0,0,0,0,0,0,0,0,0,0,0,0,0,0
"100",0.99389269004316,0.994142518786134,0.994180124022578,0.993835428938687,0.991633062349351,0.994180124022578,0.994180124022579,0.982025320531856,0.987506828541324,0.992858310017207,0.983990597108176,0.990639749471694,0.984299755429582,0.991893897898649,0.991547578528059,0.988623912558903,0.991972756078041,0.990776687546961,0.991424124291933,0.992028837376206,0.989228020392397,0.991671550837632,0.98800627088358,0.991077074695236,0.987538725302203,0.985733359791528,0.987176122882095,0.985618762493238,1,0.979963799480357,0.98378876518174,0.987976320251209,0.988433567887134,0.981449898005246,0.989865104715362,0.987470253497239,0.989359504829773,0.985052536952193,0.987659621289559,0.9900587383248,0.990245611663432,0.991633062349351,0.991770433946884,0.984902237673553,0.981502507363875,0.986828520497982,0.992220519935751,0.987160018630904,0.984053583785717,0.992010370234301,0.976553528239029,0.98639503424739,0.991006205195314,0.987501668127923,0.982348127542071,0.979965752153936,0.987957211059122,0.988824275870111,0.982363466332095,0.982551294017277,0.994180124022578,0.994180124022579,0.994180124022578,0,0,0,0,0,0,0,0,0,0,0,0,0,0,0,0,0,0,0,0,0,0,0,0,0,0,0,0,NA,0,0,0,0,0,0,0,0,0,0,0,0,0,0,0,0,0,0,0,0,0,0,0,0,0,0,0,0,0,0,0,0,0,0
"106",0.988377198129145,0.988269083146669,0.988617762567572,0.988647940058761,0.984804511811775,0.988617762567572,0.988617762567572,0.971969916918826,0.982332465489542,0.9856714443061,0.980279108257369,0.987022455068919,0.978397156274812,0.986720325374915,0.987681140717633,0.987218247141088,0.98601262349658,0.985153644848369,0.985811444027231,0.987330675833246,0.979988233739654,0.985506298523772,0.984827297657472,0.984750378629131,0.982869935770506,0.980134080833796,0.981048392977457,0.979872243426094,0.979963799480357,1,0.979420870024994,0.982551189716411,0.98295481212631,0.975044040137401,0.982377945758078,0.981872711272956,0.985084635574812,0.981975686827364,0.979665108136777,0.982310867574314,0.984578187325512,0.984804511811775,0.987489428812709,0.977706213080726,0.975849019305246,0.97836886095179,0.986365722171397,0.982890998257038,0.97965549079789,0.985694204145952,0.970088099961107,0.982395501771825,0.982493663519746,0.985077756962799,0.974764339053614,0.973275158682175,0.982844961883485,0.985644824592607,0.969241104327762,0.981612799011033,0.988617762567572,0.988617762567572,0.988617762567572,0,0,0,0,0,0,0,0,0,0,0,0,0,0,0,0,0,0,0,0,0,0,0,0,0,0,0,0,0,NA,0,0,0,0,0,0,0,0,0,0,0,0,0,0,0,0,0,0,0,0,0,0,0,0,0,0,0,0,0,0,0,0,0
"36",0.989754847453326,0.989364611093732,0.989659175827236,0.988465099248178,0.986139760806921,0.989659175827237,0.989659175827236,0.976312159825495,0.984231777518063,0.986911091479822,0.981225616745949,0.98719077216096,0.978297716457614,0.987468721684213,0.987295328374365,0.985845850655996,0.987632883903019,0.985906491864667,0.987723017294943,0.987474778183848,0.98286764486806,0.986907186721874,0.985884361975959,0.986285352219625,0.984749249979381,0.980943006843835,0.982927753366716,0.982994793602126,0.98378876518174,0.979420870024994,1,0.982761367941004,0.982134729996907,0.97538288117381,0.982139499822638,0.982618575813238,0.983953287550667,0.982285735072939,0.980309575749222,0.983857786654566,0.984973767594993,0.986139760806921,0.987285036283103,0.978469571597847,0.975391690749644,0.978634403279928,0.985871536661347,0.983106580287724,0.98097542257094,0.987516278098434,0.973756876540111,0.983757902237864,0.986067013056047,0.984819067440873,0.978819294766651,0.977702501853249,0.985528304279707,0.987265441903186,0.977392805226059,0.980888295956158,0.989659175827236,0.989659175827236,0.989659175827237,0,0,0,0,0,0,0,0,0,0,0,0,0,0,0,0,0,0,0,0,0,0,0,0,0,0,0,0,0,0,NA,0,0,0,0,0,0,0,0,0,0,0,0,0,0,0,0,0,0,0,0,0,0,0,0,0,0,0,0,0,0,0,0
