"","77","82","85","87","64","65","66","68","70","74","75","79","80","81","83","84","88","89","90","94","95","100","106","36","40","43","44","46","48","50","52","53","54","55","56","57","58","59","60","61","62","63","69","71","72","73","76","78","86","91","93","97","99","77","82","85","87","64","65","66","68","70","74","75","79","80","81","83","84","88","89","90","94","95","100","106","36","40","43","44","46","48","50","52","53","54","55","56","57","58","59","60","61","62","63","69","71","72","73","76","78","86","91","93","97","99"
"77",1,0.956817791432249,0.964845324994061,0.967720288207881,0.941101219817336,0.91723242054142,0.944430079250938,0.933834560974352,0.962197646864309,0.954311823673536,0.932032325007454,0.952073749076781,0.941875695915602,0.913074810681953,0.966411008647833,0.955559553118392,0.956937246581042,0.954874573921234,0.920490058628187,0.909431126082926,0.901206597205385,0.888576054084878,0.929448563335288,0.928411388612855,0.918708526242113,0.927719752274925,0.917203316100828,0.916068124097946,0.933937498607259,0.936154430421075,0.917890128406437,0.916156019045749,0.921654437302971,0.927896193671283,0.861850132061146,0.939089261324968,0.93121348762544,0.927486044175529,0.920735982411325,0.938306421481603,0.949190938337384,0.928680583081102,0.941311870663063,0.894492181274711,0.952059224021259,0.930692385684268,0.932595445099988,0.923623907386936,0.93969888995955,0.936873670996403,0.945372997708597,0.941779474142657,0.901464861398337,NA,0,0,0,0,0,0,0,0,0,0,0,0,0,0,0,0,0,0,0,0,0,0,0,0,0,0,0,0,0,0,0,0,0,0,0,0,0,0,0,0,0,0,0,0,0,0,0,0,0,0,0,0
"82",0.956817791432249,1,0.949728678105051,0.97572357239933,0.906718700178612,0.878990726807112,0.919323496894255,0.893616678385898,0.941191129951712,0.928518751462114,0.88802598783363,0.92566334587406,0.906916767732679,0.860042107642456,0.970326083370091,0.94422794715443,0.946251665614305,0.940590551425813,0.958650473562416,0.860336102470411,0.843922109348337,0.909065838319282,0.885054733556747,0.911621461522976,0.884679015869796,0.89009863727632,0.892992656557509,0.902002241524873,0.908449468616608,0.911256112655272,0.877266159917082,0.877325150098629,0.894061466509434,0.889336424855533,0.81562453287632,0.899083170151904,0.899439242469655,0.905428983329123,0.908821613264227,0.913873595481551,0.938720031807391,0.89546623428165,0.903889527122427,0.845876634283021,0.925761031534972,0.893201200192427,0.890309190039279,0.880920770656205,0.905368099255699,0.89924371948707,0.93944886806457,0.911553284243984,0.920313933404194,0,NA,0,0,0,0,0,0,0,0,0,0,0,0,0,0,0,0,0,0,0,0,0,0,0,0,0,0,0,0,0,0,0,0,0,0,0,0,0,0,0,0,0,0,0,0,0,0,0,0,0,0,0
"85",0.964845324994061,0.949728678105051,1,0.960346610059614,0.945726902242936,0.918805722509504,0.950919759357774,0.94224361077789,0.97443745015464,0.963852942594151,0.940272852696203,0.965082634878646,0.947627980198997,0.947042513348503,0.968240550146749,0.978056438940309,0.962212895720567,0.969437309674252,0.922811498183261,0.928815405408866,0.923880140731136,0.911313822161304,0.945784311506799,0.919428431143034,0.918850434665289,0.933618304360128,0.909417472102485,0.903240503617147,0.937500657371617,0.934382311079293,0.920888079752541,0.917570496817837,0.913754525832008,0.931271786156859,0.881491909803876,0.949525662478236,0.928386951093004,0.922009004285286,0.908177727922743,0.934907564919605,0.961334663699387,0.934764540417346,0.951204912811842,0.912224027264473,0.972365128902306,0.93402182145167,0.940416803922993,0.927873775464036,0.945341374731383,0.954740800798057,0.97654826095372,0.934492570346692,0.923670045574539,0,0,NA,0,0,0,0,0,0,0,0,0,0,0,0,0,0,0,0,0,0,0,0,0,0,0,0,0,0,0,0,0,0,0,0,0,0,0,0,0,0,0,0,0,0,0,0,0,0,0,0,0,0
"87",0.967720288207881,0.97572357239933,0.960346610059614,1,0.941025378802619,0.907731736753373,0.945161138892788,0.929537690272726,0.962818865346626,0.954893957044221,0.92158271657481,0.950186546421858,0.937500615533508,0.890683812033513,0.974206056062104,0.956386454101914,0.965567504580861,0.956407159782425,0.945202576637211,0.892352469551785,0.883666195269697,0.904018989697639,0.920976135896407,0.943041244162307,0.920829289115574,0.927006304609976,0.927650544732591,0.933379728736042,0.941891483941636,0.944703563352955,0.915050411357211,0.916750664333812,0.929457500450191,0.926568079082211,0.838240775268885,0.929354673963947,0.92894420438254,0.938141889543682,0.933529752440339,0.942174109424337,0.954076088992523,0.924459105182734,0.937103649316891,0.885594821126475,0.948991869366102,0.922693642028468,0.924716658952851,0.91980758511352,0.939740453640151,0.926360033249298,0.947391161438909,0.938747012463827,0.915172297883376,0,0,0,NA,0,0,0,0,0,0,0,0,0,0,0,0,0,0,0,0,0,0,0,0,0,0,0,0,0,0,0,0,0,0,0,0,0,0,0,0,0,0,0,0,0,0,0,0,0,0,0,0,0
"64",0.941101219817336,0.906718700178612,0.945726902242936,0.941025378802619,1,0.966717051372391,0.98383392664482,0.992275083451081,0.976196537140234,0.990431455212334,0.986781038122228,0.988345360659795,0.991264115235015,0.953869122974582,0.937364996661404,0.958135082414583,0.978489057616997,0.956234744915788,0.839552195937298,0.960697094613226,0.96736115697308,0.831637691270324,0.973690770601707,0.970559939136456,0.985363024151872,0.989009618805164,0.97698821939406,0.970662644174585,0.985956450062853,0.984361565757191,0.984452198527629,0.981649503046008,0.982987506702037,0.985080146932352,0.870002288531256,0.969653951371846,0.978330322666033,0.980494809266123,0.967928674211757,0.989597175656088,0.959572668585764,0.975579767169157,0.99410261448347,0.960256756822772,0.957245646123535,0.981690115016734,0.988542107136312,0.983298924917479,0.980274271862699,0.979507204803673,0.926256254082505,0.973694109665303,0.8470754734897,0,0,0,0,NA,0,0,0,0,0,0,0,0,0,0,0,0,0,0,0,0,0,0,0,0,0,0,0,0,0,0,0,0,0,0,0,0,0,0,0,0,0,0,0,0,0,0,0,0,0,0,0,0
"65",0.91723242054142,0.878990726807112,0.918805722509504,0.907731736753373,0.966717051372391,1,0.953639805638515,0.973096087099751,0.948075825739584,0.966725837238218,0.975911884820473,0.967799171412516,0.976883902457135,0.93073276392714,0.913902078956662,0.92791527217827,0.949747116917356,0.938815184382425,0.800078749377387,0.968292458869772,0.946703926451178,0.772243120337977,0.942617047637359,0.925681455894598,0.963982616621041,0.963567103671754,0.939513564684878,0.933425291374204,0.954574729198948,0.956447446505556,0.954812123653439,0.958960228305188,0.952250575143659,0.967412659447971,0.887655763351368,0.950501234569361,0.965535220597702,0.946557523881504,0.9437061726874,0.967850782019005,0.921637131617654,0.962906264948437,0.973796346351997,0.933423827167854,0.938799581969032,0.980864589525648,0.964571282985043,0.957117536715808,0.952091557987013,0.965250465976683,0.900986924765574,0.964495976904688,0.799088606599923,0,0,0,0,0,NA,0,0,0,0,0,0,0,0,0,0,0,0,0,0,0,0,0,0,0,0,0,0,0,0,0,0,0,0,0,0,0,0,0,0,0,0,0,0,0,0,0,0,0,0,0,0,0
"66",0.944430079250938,0.919323496894255,0.950919759357774,0.945161138892788,0.98383392664482,0.953639805638515,1,0.974424174290959,0.97454614829038,0.979159971699665,0.969314632614888,0.978192321084059,0.979205459216483,0.953548246860667,0.943317030919758,0.95322949747962,0.975691181458178,0.947458852340061,0.853531323440709,0.94286089281711,0.946115598347812,0.839225635420546,0.970204285304123,0.964925663133206,0.968288842047902,0.972709670200255,0.963740429113091,0.960177893508191,0.973825287439928,0.971842843241006,0.96180828351858,0.959871623714349,0.964434831120774,0.965465877599633,0.870936391580232,0.967411998302191,0.968702990002388,0.970976157523068,0.964198094079838,0.981545258345534,0.951986379982176,0.965674944434907,0.981894217121479,0.938047057123013,0.955191760120102,0.968278289367834,0.97523722722745,0.963007949983024,0.975057509188774,0.977706211769384,0.925330068794255,0.971464006743117,0.853512893217695,0,0,0,0,0,0,NA,0,0,0,0,0,0,0,0,0,0,0,0,0,0,0,0,0,0,0,0,0,0,0,0,0,0,0,0,0,0,0,0,0,0,0,0,0,0,0,0,0,0,0,0,0,0
"68",0.933834560974352,0.893616678385898,0.94224361077789,0.929537690272726,0.992275083451081,0.973096087099751,0.974424174290959,1,0.971702551425016,0.989494933977854,0.99238619557811,0.987930761705235,0.991635786740295,0.951775522830641,0.931401405990796,0.95477686685214,0.970362100610253,0.95735023665531,0.826290607900249,0.97300082181617,0.972225515238339,0.817169844984072,0.969003309092596,0.958292117976351,0.983452731835475,0.988567520272277,0.967924293935527,0.961400374449872,0.983769134428154,0.981817770335283,0.98622609607243,0.982517704452596,0.979533244998907,0.98843334874484,0.881997959619714,0.968081857869928,0.977497040823985,0.97431486285279,0.956841513231499,0.983701891449063,0.952872728930527,0.975750816620384,0.993957603326423,0.963324828587046,0.958945110112318,0.986248389218633,0.987155851813261,0.983339901822309,0.973975603144669,0.977358952064318,0.926151795638381,0.968751235009437,0.836340879012791,0,0,0,0,0,0,0,NA,0,0,0,0,0,0,0,0,0,0,0,0,0,0,0,0,0,0,0,0,0,0,0,0,0,0,0,0,0,0,0,0,0,0,0,0,0,0,0,0,0,0,0,0,0
"70",0.962197646864309,0.941191129951712,0.97443745015464,0.962818865346626,0.976196537140234,0.948075825739584,0.97454614829038,0.971702551425016,1,0.98439374886859,0.963819909393121,0.982569064677165,0.973784767668752,0.943723894511775,0.955466510035166,0.979489811957067,0.985913107534591,0.977619191291836,0.901089414720095,0.9455071441453,0.939459802004936,0.901774092381938,0.967258265951234,0.958664144739286,0.95443055117638,0.962974471269234,0.949494482111009,0.946855906496979,0.970047311019323,0.968231151134186,0.956593975224851,0.950791035485586,0.955074555003763,0.965175948712096,0.874407915060416,0.964971985987189,0.961139293292256,0.961128347053523,0.948193064624794,0.969827505664433,0.975750260590179,0.96393301731942,0.976206627887693,0.927832999403601,0.978447737825238,0.963639819553881,0.970863488520778,0.960734060366074,0.970829923965614,0.968872448723613,0.964957191420406,0.961383540716029,0.916539248072947,0,0,0,0,0,0,0,0,NA,0,0,0,0,0,0,0,0,0,0,0,0,0,0,0,0,0,0,0,0,0,0,0,0,0,0,0,0,0,0,0,0,0,0,0,0,0,0,0,0,0,0,0,0
"74",0.954311823673536,0.928518751462114,0.963852942594151,0.954893957044221,0.990431455212334,0.966725837238218,0.979159971699665,0.989494933977854,0.98439374886859,1,0.98593141824137,0.994603421344838,0.990129196857145,0.947379228464042,0.956107431395707,0.977124701531781,0.987145124764139,0.976473392393516,0.875795192870432,0.964534595148474,0.960310886500798,0.867358787030793,0.96393904381405,0.964081181487329,0.976581686237696,0.982177575069232,0.967783045018447,0.965337210797557,0.983711271629039,0.98169221668778,0.979387729075008,0.974151633145176,0.976608425002183,0.981078913398951,0.877739639432634,0.966382233310494,0.976237401915193,0.97437479623933,0.96474812619964,0.98534884936032,0.974199949500555,0.975053564937644,0.990579219351994,0.952909158528247,0.970455237347435,0.982405219088271,0.981992865652404,0.977743063929252,0.974077396957802,0.976879112580735,0.954738327604805,0.974076994090583,0.881815499875033,0,0,0,0,0,0,0,0,0,NA,0,0,0,0,0,0,0,0,0,0,0,0,0,0,0,0,0,0,0,0,0,0,0,0,0,0,0,0,0,0,0,0,0,0,0,0,0,0,0,0,0,0,0
"75",0.932032325007454,0.88802598783363,0.940272852696203,0.92158271657481,0.986781038122228,0.975911884820473,0.969314632614888,0.99238619557811,0.963819909393121,0.98593141824137,1,0.985888031528042,0.989865442725754,0.95423754718499,0.930219353670154,0.950521312165947,0.964166907049841,0.951311507984085,0.816346400273957,0.979473093290573,0.974562918649378,0.799321002706134,0.962607224484955,0.944387176612814,0.978726534700148,0.983145937303043,0.959397986168087,0.951049666291671,0.973235915394903,0.971438059394452,0.981934658740168,0.976430606427667,0.972897901605025,0.982289889626838,0.888121838576788,0.964868702229071,0.97528784357762,0.963918218465013,0.953254233556548,0.980400545467861,0.946187845248553,0.976643325427688,0.990178326229778,0.963243826939938,0.95016948651035,0.988678253681197,0.984203803531374,0.976330054803038,0.966987455331516,0.978293660962784,0.922527193343555,0.968885142513468,0.821962396956726,0,0,0,0,0,0,0,0,0,0,NA,0,0,0,0,0,0,0,0,0,0,0,0,0,0,0,0,0,0,0,0,0,0,0,0,0,0,0,0,0,0,0,0,0,0,0,0,0,0,0,0,0,0
"79",0.952073749076781,0.92566334587406,0.965082634878646,0.950186546421858,0.988345360659795,0.967799171412516,0.978192321084059,0.987930761705235,0.982569064677165,0.994603421344838,0.985888031528042,1,0.990244780761169,0.952583431037705,0.955492420812249,0.977897727710665,0.984908283250763,0.973717982037906,0.871423452708258,0.968358385799102,0.962938044331907,0.861033794787546,0.964254114420666,0.955494035292819,0.973854681998435,0.979313785331951,0.961653509878985,0.956834754828182,0.979425465155554,0.974771785148398,0.976988651142328,0.969449550430514,0.971019576083041,0.976583364954814,0.878925794221355,0.964393749828893,0.973666881147644,0.96774515958681,0.959513508535379,0.983135626494269,0.972768431819155,0.976513480192382,0.989728378396706,0.952539396822232,0.968982960464887,0.983773366040356,0.982438911256582,0.975792482487006,0.971114745113995,0.981254433475843,0.955919034732879,0.972285944319941,0.878764423182213,0,0,0,0,0,0,0,0,0,0,0,NA,0,0,0,0,0,0,0,0,0,0,0,0,0,0,0,0,0,0,0,0,0,0,0,0,0,0,0,0,0,0,0,0,0,0,0,0,0,0,0,0,0
"80",0.941875695915602,0.906916767732679,0.947627980198997,0.937500615533508,0.991264115235015,0.976883902457135,0.979205459216483,0.991635786740295,0.973784767668752,0.990129196857145,0.989865442725754,0.990244780761169,1,0.954130562578964,0.939695797865301,0.959407677710994,0.977388220104487,0.959607065264449,0.839585290097295,0.9723258963189,0.969404542252247,0.821433518439467,0.96697278496932,0.957787186891303,0.982973568441579,0.985720647253746,0.968873743157487,0.96288980369191,0.979246116899918,0.977899381386722,0.981718890064034,0.979009445395885,0.978013514667286,0.983097172501596,0.881986308500733,0.969044143016603,0.983153748298051,0.972849510443073,0.966608208773784,0.988959500992602,0.958672359373331,0.980868266931308,0.992906569929454,0.956280577588725,0.957746945364486,0.989150453589377,0.987119337265402,0.979139584457466,0.972931461551705,0.981605993514771,0.93111066083533,0.975702414031857,0.843935600606182,0,0,0,0,0,0,0,0,0,0,0,0,NA,0,0,0,0,0,0,0,0,0,0,0,0,0,0,0,0,0,0,0,0,0,0,0,0,0,0,0,0,0,0,0,0,0,0,0,0,0,0,0,0
"81",0.913074810681953,0.860042107642456,0.947042513348503,0.890683812033513,0.953869122974582,0.93073276392714,0.953548246860667,0.951775522830641,0.943723894511775,0.947379228464042,0.95423754718499,0.952583431037705,0.954130562578964,1,0.900953467570191,0.929338680752462,0.928748002475768,0.91501297616311,0.790755088566155,0.946381475002208,0.966787374566681,0.789628996062086,0.969022279980557,0.899362903554954,0.936635951084868,0.944395287943702,0.913093462890714,0.889129797974518,0.926061575161077,0.919952136447019,0.934129926467184,0.93144985468493,0.91513584503729,0.9368721833069,0.880292582083139,0.95580599782735,0.928376893170895,0.914596649271013,0.897362442391231,0.936268127590582,0.916354704942828,0.940482096541755,0.960513203246935,0.940659763910639,0.933608762253607,0.944940901755797,0.961926717605525,0.941162741281064,0.949458641990975,0.970917922671775,0.905152571531757,0.92588043872709,0.811319894505229,0,0,0,0,0,0,0,0,0,0,0,0,0,NA,0,0,0,0,0,0,0,0,0,0,0,0,0,0,0,0,0,0,0,0,0,0,0,0,0,0,0,0,0,0,0,0,0,0,0,0,0,0,0
"83",0.966411008647833,0.970326083370091,0.968240550146749,0.974206056062104,0.937364996661404,0.913902078956662,0.943317030919758,0.931401405990796,0.955466510035166,0.956107431395707,0.930219353670154,0.955492420812249,0.939695797865301,0.900953467570191,1,0.961240165315472,0.95726959359125,0.955675220874726,0.935726145216951,0.909932927185381,0.891951461071114,0.883933134507453,0.914298223175937,0.922348203214439,0.915277013775114,0.925922061278944,0.91369836233736,0.916872208727577,0.937556434093372,0.935712908730259,0.913862415538137,0.910376908421014,0.917908182244706,0.920518620505498,0.860578631970902,0.92780362015907,0.926836203540303,0.925472693552949,0.924589100502364,0.937694384706421,0.949587244931278,0.927017878870547,0.938829069913158,0.893128885558512,0.949019995951755,0.929339819920665,0.922975101550368,0.914424609302384,0.93041265203199,0.93638395710598,0.955864109744263,0.93819717291856,0.89951552858903,0,0,0,0,0,0,0,0,0,0,0,0,0,0,NA,0,0,0,0,0,0,0,0,0,0,0,0,0,0,0,0,0,0,0,0,0,0,0,0,0,0,0,0,0,0,0,0,0,0,0,0,0,0
"84",0.955559553118392,0.94422794715443,0.978056438940309,0.956386454101914,0.958135082414583,0.92791527217827,0.95322949747962,0.95477686685214,0.979489811957067,0.977124701531781,0.950521312165947,0.977897727710665,0.959407677710994,0.929338680752462,0.961240165315472,1,0.977731550054224,0.980777034615085,0.918661002887306,0.933229746006979,0.929467071368876,0.9199570599734,0.940635036901076,0.933306426949718,0.934479511558643,0.944508594976185,0.928337929801051,0.926888830304162,0.951255224282655,0.94596569522219,0.942479295656116,0.932695128143737,0.935713401078853,0.941811502912889,0.855947522603492,0.941154686089522,0.941446382360718,0.937525484955474,0.929756569159408,0.950917060950556,0.982457698642967,0.946552118457808,0.95912994698618,0.917929628223801,0.967810122538117,0.948148402238672,0.951353313567773,0.944417918408729,0.945949037693503,0.953541561424902,0.979542465769065,0.942478107483533,0.934153902083683,0,0,0,0,0,0,0,0,0,0,0,0,0,0,0,NA,0,0,0,0,0,0,0,0,0,0,0,0,0,0,0,0,0,0,0,0,0,0,0,0,0,0,0,0,0,0,0,0,0,0,0,0,0
"88",0.956937246581042,0.946251665614305,0.962212895720567,0.965567504580861,0.978489057616997,0.949747116917356,0.975691181458178,0.970362100610253,0.985913107534591,0.987145124764139,0.964166907049841,0.984908283250763,0.977388220104487,0.928748002475768,0.95726959359125,0.977731550054224,1,0.974508722909595,0.903490722755546,0.939588244757869,0.933301808045733,0.896507175268448,0.952755081403805,0.965747730285475,0.962110011301138,0.964991432557137,0.962784492904561,0.964995456234453,0.972638132583269,0.971263881817257,0.961580897779478,0.956737008467087,0.968041865893462,0.964104182388032,0.853570458409366,0.955053637444256,0.968290968537755,0.968852995970863,0.968366010611658,0.981219473904126,0.980975387030372,0.967485491214907,0.975052480536422,0.924971334141592,0.963472244000098,0.967453873725155,0.969138061264122,0.961262383534023,0.965539221370945,0.962904301289893,0.957325461039234,0.967713756436045,0.908470253282764,0,0,0,0,0,0,0,0,0,0,0,0,0,0,0,0,NA,0,0,0,0,0,0,0,0,0,0,0,0,0,0,0,0,0,0,0,0,0,0,0,0,0,0,0,0,0,0,0,0,0,0,0,0
"89",0.954874573921234,0.940590551425813,0.969437309674252,0.956407159782425,0.956234744915788,0.938815184382425,0.947458852340061,0.95735023665531,0.977619191291836,0.976473392393516,0.951311507984085,0.973717982037906,0.959607065264449,0.91501297616311,0.955675220874726,0.980777034615085,0.974508722909595,1,0.911761010292739,0.937505033426429,0.922619411368115,0.909908260704707,0.933536558951972,0.938499500619368,0.93777177296579,0.946825384708155,0.929657974273825,0.932419833462716,0.956404744249531,0.955812062682961,0.941220504550323,0.939242597692928,0.941150921395362,0.953124455890822,0.867055389489472,0.942011548849099,0.946901883791502,0.942644249111373,0.9302091928823,0.950694856971802,0.973017574113442,0.944341700577982,0.959625705545085,0.913785467014066,0.971008462679638,0.951553397267135,0.94653659235919,0.945244259399853,0.94613544527798,0.945629256219655,0.971147020396209,0.947993930211519,0.925697498383804,0,0,0,0,0,0,0,0,0,0,0,0,0,0,0,0,0,NA,0,0,0,0,0,0,0,0,0,0,0,0,0,0,0,0,0,0,0,0,0,0,0,0,0,0,0,0,0,0,0,0,0,0,0
"90",0.920490058628187,0.958650473562416,0.922811498183261,0.945202576637211,0.839552195937298,0.800078749377387,0.853531323440709,0.826290607900249,0.901089414720095,0.875795192870432,0.816346400273957,0.871423452708258,0.839585290097295,0.790755088566155,0.935726145216951,0.918661002887306,0.903490722755546,0.911761010292739,1,0.789618961045639,0.770225920078387,0.942929441991049,0.818821847819222,0.856004304975757,0.807384144903892,0.820069062341147,0.823549797598807,0.840609540902982,0.848543859569502,0.850215577661997,0.813227470242145,0.806293596712465,0.827009017656819,0.821284900911579,0.75463968359362,0.835048127246929,0.830182761763299,0.839933634059025,0.842112088684862,0.844688914110485,0.912286879695005,0.831182924627695,0.835489827795244,0.772504651190965,0.892119227388393,0.820224267154022,0.82209074905667,0.817118695019481,0.840950777267454,0.82915707209235,0.931441180197881,0.843221067543017,0.94504269655389,0,0,0,0,0,0,0,0,0,0,0,0,0,0,0,0,0,0,NA,0,0,0,0,0,0,0,0,0,0,0,0,0,0,0,0,0,0,0,0,0,0,0,0,0,0,0,0,0,0,0,0,0,0
"94",0.909431126082926,0.860336102470411,0.928815405408866,0.892352469551785,0.960697094613226,0.968292458869772,0.94286089281711,0.97300082181617,0.9455071441453,0.964534595148474,0.979473093290573,0.968358385799102,0.9723258963189,0.946381475002208,0.909932927185381,0.933229746006979,0.939588244757869,0.937505033426429,0.789618961045639,1,0.965281281405838,0.770830386790459,0.944169147252819,0.902855396642601,0.95109063723391,0.956654825936579,0.921141934669931,0.908049780991467,0.946967936211558,0.94037437230168,0.95665373830747,0.946950709731986,0.937764110216714,0.963115673203784,0.895751556455553,0.948524714131396,0.954056938943639,0.927975290050891,0.918955974907021,0.953057943428813,0.923688561355615,0.966262780469603,0.971085206881694,0.940131260499871,0.938345149187895,0.97871707383573,0.966079168676802,0.95293398590724,0.942980370287903,0.966479027283526,0.915357535972939,0.946291285044987,0.801731343620017,0,0,0,0,0,0,0,0,0,0,0,0,0,0,0,0,0,0,0,NA,0,0,0,0,0,0,0,0,0,0,0,0,0,0,0,0,0,0,0,0,0,0,0,0,0,0,0,0,0,0,0,0,0
"95",0.901206597205385,0.843922109348337,0.923880140731136,0.883666195269697,0.96736115697308,0.946703926451178,0.946115598347812,0.972225515238339,0.939459802004936,0.960310886500798,0.974562918649378,0.962938044331907,0.969404542252247,0.966787374566681,0.891951461071114,0.929467071368876,0.933301808045733,0.922619411368115,0.770225920078387,0.965281281405838,1,0.767701701102309,0.959810744402506,0.908215648830199,0.962388362698892,0.964722213842072,0.932992431684176,0.910016500012486,0.943531585435366,0.937106409435847,0.962229404503289,0.960182664158366,0.942990464920493,0.963084877299614,0.867589285313604,0.948684777298928,0.945609945427111,0.931512738568531,0.910873828452094,0.948699557360589,0.923155432927427,0.94962382316227,0.973381656088434,0.967521163345952,0.925360249519421,0.962022858007125,0.972938314836201,0.962889042697827,0.94744060668015,0.96325063603102,0.897346898864888,0.932955614649229,0.792458669354757,0,0,0,0,0,0,0,0,0,0,0,0,0,0,0,0,0,0,0,0,NA,0,0,0,0,0,0,0,0,0,0,0,0,0,0,0,0,0,0,0,0,0,0,0,0,0,0,0,0,0,0,0,0
"100",0.888576054084878,0.909065838319282,0.911313822161304,0.904018989697639,0.831637691270324,0.772243120337977,0.839225635420546,0.817169844984072,0.901774092381938,0.867358787030793,0.799321002706134,0.861033794787546,0.821433518439467,0.789628996062086,0.883933134507453,0.9199570599734,0.896507175268448,0.909908260704707,0.942929441991049,0.770830386790459,0.767701701102309,1,0.822863714104097,0.849708314981999,0.791748135767081,0.80930184814917,0.811017259107515,0.823363742652823,0.839317744382715,0.837534754700772,0.806647322350456,0.797848669227554,0.814356474808525,0.813695463193934,0.726329159895653,0.823744126786749,0.808180881953717,0.829475674017149,0.813057057016873,0.823423172545085,0.916994699341851,0.810993614720155,0.825389753489842,0.765869649128371,0.894711695517313,0.797560606557264,0.816156733641433,0.818010393173023,0.834779498308694,0.81220955034935,0.934085050515474,0.817487512742228,0.970851207267111,0,0,0,0,0,0,0,0,0,0,0,0,0,0,0,0,0,0,0,0,0,NA,0,0,0,0,0,0,0,0,0,0,0,0,0,0,0,0,0,0,0,0,0,0,0,0,0,0,0,0,0,0,0
"106",0.929448563335288,0.885054733556747,0.945784311506799,0.920976135896407,0.973690770601707,0.942617047637359,0.970204285304123,0.969003309092596,0.967258265951234,0.96393904381405,0.962607224484955,0.964254114420666,0.96697278496932,0.969022279980557,0.914298223175937,0.940635036901076,0.952755081403805,0.933536558951972,0.818821847819222,0.944169147252819,0.959810744402506,0.822863714104097,1,0.938983706316884,0.95605025779078,0.963127379194803,0.941922590366451,0.924850426892468,0.953870339527501,0.952534818071806,0.953907749007007,0.951868923143843,0.942526535562943,0.960228201762024,0.876007026503787,0.967558039643323,0.947030308333642,0.948518999105828,0.923938372768958,0.957151666615886,0.934012010416054,0.952890779741698,0.973540521198871,0.944527762553418,0.953750482477308,0.953745796990313,0.975978084350426,0.95896898298625,0.973131987456807,0.974113394932202,0.916163317653439,0.944015551518242,0.840607861832474,0,0,0,0,0,0,0,0,0,0,0,0,0,0,0,0,0,0,0,0,0,0,NA,0,0,0,0,0,0,0,0,0,0,0,0,0,0,0,0,0,0,0,0,0,0,0,0,0,0,0,0,0,0
"36",0.928411388612855,0.911621461522976,0.919428431143034,0.943041244162307,0.970559939136456,0.925681455894598,0.964925663133206,0.958292117976351,0.958664144739286,0.964081181487329,0.944387176612814,0.955494035292819,0.957787186891303,0.899362903554954,0.922348203214439,0.933306426949718,0.965747730285475,0.938499500619368,0.856004304975757,0.902855396642601,0.908215648830199,0.849708314981999,0.938983706316884,1,0.960276431596265,0.963075171440708,0.972831901080479,0.981496529008873,0.972627535193162,0.979060424465941,0.952584496639749,0.958150968789773,0.973909242530128,0.960362765317341,0.824078431019061,0.943946576924224,0.959992163937944,0.97725265740973,0.968342515853317,0.972709564561602,0.944475774578682,0.94404538812834,0.961852510177853,0.912092849955523,0.935360615223591,0.942019883114352,0.950083313949289,0.950358467870736,0.958980304835123,0.935680996744959,0.90140460481705,0.956557465532024,0.855269337124826,0,0,0,0,0,0,0,0,0,0,0,0,0,0,0,0,0,0,0,0,0,0,0,NA,0,0,0,0,0,0,0,0,0,0,0,0,0,0,0,0,0,0,0,0,0,0,0,0,0,0,0,0,0
"40",0.918708526242113,0.884679015869796,0.918850434665289,0.920829289115574,0.985363024151872,0.963982616621041,0.968288842047902,0.983452731835475,0.95443055117638,0.976581686237696,0.978726534700148,0.973854681998435,0.982973568441579,0.936635951084868,0.915277013775114,0.934479511558643,0.962110011301138,0.93777177296579,0.807384144903892,0.95109063723391,0.962388362698892,0.791748135767081,0.95605025779078,0.960276431596265,1,0.985696452361558,0.977076126159986,0.967948773246659,0.975753569721927,0.976548471346719,0.975150084361945,0.984023277035369,0.981925320183316,0.983020337428898,0.855555301199163,0.955340590584932,0.972499395092139,0.975313574691691,0.962363248342946,0.981729540573696,0.938831359491599,0.960799421482498,0.983352568980443,0.961163719142564,0.933019524095202,0.973846269209407,0.976541122158148,0.97317682594994,0.9655557800355,0.962704196147225,0.896897179778018,0.963188169178661,0.809791273660061,0,0,0,0,0,0,0,0,0,0,0,0,0,0,0,0,0,0,0,0,0,0,0,0,NA,0,0,0,0,0,0,0,0,0,0,0,0,0,0,0,0,0,0,0,0,0,0,0,0,0,0,0,0
"43",0.927719752274925,0.89009863727632,0.933618304360128,0.927006304609976,0.989009618805164,0.963567103671754,0.972709670200255,0.988567520272277,0.962974471269234,0.982177575069232,0.983145937303043,0.979313785331951,0.985720647253746,0.944395287943702,0.925922061278944,0.944508594976185,0.964991432557137,0.946825384708155,0.820069062341147,0.956654825936579,0.964722213842072,0.80930184814917,0.963127379194803,0.963075171440708,0.985696452361558,1,0.97400524480157,0.965164961705251,0.982030469539317,0.983034810591655,0.979502161538187,0.985599391291757,0.980649752289037,0.984826532546151,0.867508194333602,0.962237803369661,0.973086355335642,0.976525698824841,0.957629943988871,0.981235973212676,0.944460296859499,0.964193713746461,0.989154036302258,0.964464854955851,0.947057350056162,0.974479637891761,0.979426497180295,0.97741675175267,0.970365667350016,0.969190426052685,0.911124985821428,0.966525228403756,0.824227790767725,0,0,0,0,0,0,0,0,0,0,0,0,0,0,0,0,0,0,0,0,0,0,0,0,0,NA,0,0,0,0,0,0,0,0,0,0,0,0,0,0,0,0,0,0,0,0,0,0,0,0,0,0,0
"44",0.917203316100828,0.892992656557509,0.909417472102485,0.927650544732591,0.97698821939406,0.939513564684878,0.963740429113091,0.967924293935527,0.949494482111009,0.967783045018447,0.959397986168087,0.961653509878985,0.968873743157487,0.913093462890714,0.91369836233736,0.928337929801051,0.962784492904561,0.929657974273825,0.823549797598807,0.921141934669931,0.932992431684176,0.811017259107515,0.941922590366451,0.972831901080479,0.977076126159986,0.97400524480157,1,0.979421932254937,0.97019054648781,0.974213724135329,0.964995826519429,0.974053681971819,0.981912173180605,0.967645273070585,0.824152631320604,0.942164805048249,0.964183894993323,0.976773528672325,0.971106495369132,0.978995957039266,0.940379777446373,0.951215609959393,0.969638163835965,0.937927491632418,0.921432200548972,0.955810704564478,0.962815615707582,0.960624123433793,0.957516041475163,0.944788901841719,0.888717878855791,0.957903570725194,0.821396735761294,0,0,0,0,0,0,0,0,0,0,0,0,0,0,0,0,0,0,0,0,0,0,0,0,0,0,NA,0,0,0,0,0,0,0,0,0,0,0,0,0,0,0,0,0,0,0,0,0,0,0,0,0,0
"46",0.916068124097946,0.902002241524873,0.903240503617147,0.933379728736042,0.970662644174585,0.933425291374204,0.960177893508191,0.961400374449872,0.946855906496979,0.965337210797557,0.951049666291671,0.956834754828182,0.96288980369191,0.889129797974518,0.916872208727577,0.926888830304162,0.964995456234453,0.932419833462716,0.840609540902982,0.908049780991467,0.910016500012486,0.823363742652823,0.924850426892468,0.981496529008873,0.967948773246659,0.965164961705251,0.979421932254937,1,0.972240866322712,0.978186770510561,0.959726114286619,0.964843557781717,0.984428575559977,0.962281358469697,0.81470358568952,0.934939194741011,0.965872391138795,0.978981410008401,0.982589171503559,0.980537564656368,0.942367682982011,0.949091932022045,0.961709129365125,0.914824438392185,0.91903863987093,0.950649437068973,0.95044971916583,0.952592767772837,0.950072150101454,0.931531811934334,0.889051582080521,0.958649306134142,0.83192865746079,0,0,0,0,0,0,0,0,0,0,0,0,0,0,0,0,0,0,0,0,0,0,0,0,0,0,0,NA,0,0,0,0,0,0,0,0,0,0,0,0,0,0,0,0,0,0,0,0,0,0,0,0,0
"48",0.933937498607259,0.908449468616608,0.937500657371617,0.941891483941636,0.985956450062853,0.954574729198948,0.973825287439928,0.983769134428154,0.970047311019323,0.983711271629039,0.973235915394903,0.979425465155554,0.979246116899918,0.926061575161077,0.937556434093372,0.951255224282655,0.972638132583269,0.956404744249531,0.848543859569502,0.946967936211558,0.943531585435366,0.839317744382715,0.953870339527501,0.972627535193162,0.975753569721927,0.982030469539317,0.97019054648781,0.972240866322712,1,0.988976854505528,0.971848512065025,0.9724256234525,0.977513547282744,0.980124843004144,0.858249661480466,0.955848794558815,0.967241455205631,0.980554593605973,0.962779772087126,0.980153544995502,0.949654304397931,0.961630675051466,0.984282031166311,0.946051784082532,0.955692412485656,0.968194126215723,0.969243043915548,0.972799768940257,0.969464881371596,0.963068749474158,0.923006773472115,0.969523970793228,0.849161977616223,0,0,0,0,0,0,0,0,0,0,0,0,0,0,0,0,0,0,0,0,0,0,0,0,0,0,0,0,NA,0,0,0,0,0,0,0,0,0,0,0,0,0,0,0,0,0,0,0,0,0,0,0,0
"50",0.936154430421075,0.911256112655272,0.934382311079293,0.944703563352955,0.984361565757191,0.956447446505556,0.971842843241006,0.981817770335283,0.968231151134186,0.98169221668778,0.971438059394452,0.974771785148398,0.977899381386722,0.919952136447019,0.935712908730259,0.94596569522219,0.971263881817257,0.955812062682961,0.850215577661997,0.94037437230168,0.937106409435847,0.837534754700772,0.952534818071806,0.979060424465941,0.976548471346719,0.983034810591655,0.974213724135329,0.978186770510561,0.988976854505528,1,0.970354072722059,0.977303688837767,0.981724072330849,0.982922474770789,0.861485989182998,0.958593679033599,0.972039645257878,0.984725356885093,0.966360981990183,0.981532189603042,0.947563572159579,0.957798579625087,0.982690126432603,0.942724584691464,0.954641520379113,0.966061675302488,0.966237905985719,0.96937160981327,0.970989541055577,0.957205119976644,0.916668771163039,0.969018381042467,0.847860180505296,0,0,0,0,0,0,0,0,0,0,0,0,0,0,0,0,0,0,0,0,0,0,0,0,0,0,0,0,0,NA,0,0,0,0,0,0,0,0,0,0,0,0,0,0,0,0,0,0,0,0,0,0,0
"52",0.917890128406437,0.877266159917082,0.920888079752541,0.915050411357211,0.984452198527629,0.954812123653439,0.96180828351858,0.98622609607243,0.956593975224851,0.979387729075008,0.981934658740168,0.976988651142328,0.981718890064034,0.934129926467184,0.913862415538137,0.942479295656116,0.961580897779478,0.941220504550323,0.813227470242145,0.95665373830747,0.962229404503289,0.806647322350456,0.953907749007007,0.952584496639749,0.975150084361945,0.979502161538187,0.964995826519429,0.959726114286619,0.971848512065025,0.970354072722059,1,0.975752883850253,0.977515637249525,0.977258608222709,0.854045925423914,0.951884506016439,0.969077898303731,0.965883917512828,0.953323423753638,0.977350270146347,0.949738975686476,0.967687015617489,0.982181415623544,0.951658388996699,0.937579535649581,0.974943847404545,0.980431064188684,0.976843046708565,0.958867212279063,0.960453650161341,0.91081142870564,0.954161942280268,0.824633897457666,0,0,0,0,0,0,0,0,0,0,0,0,0,0,0,0,0,0,0,0,0,0,0,0,0,0,0,0,0,0,NA,0,0,0,0,0,0,0,0,0,0,0,0,0,0,0,0,0,0,0,0,0,0
"53",0.916156019045749,0.877325150098629,0.917570496817837,0.916750664333812,0.981649503046008,0.958960228305188,0.959871623714349,0.982517704452596,0.950791035485586,0.974151633145176,0.976430606427667,0.969449550430514,0.979009445395885,0.93144985468493,0.910376908421014,0.932695128143737,0.956737008467087,0.939242597692928,0.806293596712465,0.946950709731986,0.960182664158366,0.797848669227554,0.951868923143843,0.958150968789773,0.984023277035369,0.985599391291757,0.974053681971819,0.964843557781717,0.9724256234525,0.977303688837767,0.975752883850253,1,0.981531411647283,0.98346257280286,0.854291174769061,0.952614626235847,0.968015380904832,0.972834938493062,0.953631795724129,0.975694644741259,0.938408623253447,0.956235411448611,0.980533461299238,0.962225341492825,0.932329331752052,0.967517802296188,0.973598558843701,0.972829083459023,0.962159388071787,0.95393862046775,0.896273041973425,0.954780859300101,0.813084737941525,0,0,0,0,0,0,0,0,0,0,0,0,0,0,0,0,0,0,0,0,0,0,0,0,0,0,0,0,0,0,0,NA,0,0,0,0,0,0,0,0,0,0,0,0,0,0,0,0,0,0,0,0,0
"54",0.921654437302971,0.894061466509434,0.913754525832008,0.929457500450191,0.982987506702037,0.952250575143659,0.964434831120774,0.979533244998907,0.955074555003763,0.976608425002183,0.972897901605025,0.971019576083041,0.978013514667286,0.91513584503729,0.917908182244706,0.935713401078853,0.968041865893462,0.941150921395362,0.827009017656819,0.937764110216714,0.942990464920493,0.814356474808525,0.942526535562943,0.973909242530128,0.981925320183316,0.980649752289037,0.981912173180605,0.984428575559977,0.977513547282744,0.981724072330849,0.977515637249525,0.981531411647283,1,0.979934166616285,0.839927356260121,0.949712056434394,0.974291990382055,0.980120005420315,0.974177377113732,0.985500361252492,0.949070738664764,0.964361369675123,0.977479222357206,0.941680858641579,0.929081713063696,0.969081210927576,0.971218279852808,0.970921275715923,0.96059227598861,0.947853433693048,0.89986209763785,0.962593095056502,0.828303005311391,0,0,0,0,0,0,0,0,0,0,0,0,0,0,0,0,0,0,0,0,0,0,0,0,0,0,0,0,0,0,0,0,NA,0,0,0,0,0,0,0,0,0,0,0,0,0,0,0,0,0,0,0,0
"55",0.927896193671283,0.889336424855533,0.931271786156859,0.926568079082211,0.985080146932352,0.967412659447971,0.965465877599633,0.98843334874484,0.965175948712096,0.981078913398951,0.982289889626838,0.976583364954814,0.983097172501596,0.9368721833069,0.920518620505498,0.941811502912889,0.964104182388032,0.953124455890822,0.821284900911579,0.963115673203784,0.963084877299614,0.813695463193934,0.960228201762024,0.960362765317341,0.983020337428898,0.984826532546151,0.967645273070585,0.962281358469697,0.980124843004144,0.982922474770789,0.977258608222709,0.98346257280286,0.979934166616285,1,0.880068337479914,0.963674909079499,0.972929577103554,0.973986032993375,0.952940346334102,0.976821946945554,0.943743698161815,0.963800854901355,0.986365428571044,0.958699044109252,0.951013383441362,0.976189815921291,0.977913849437477,0.976317608101736,0.968811730083295,0.961226356971512,0.914344526603222,0.961670191854861,0.831775245999562,0,0,0,0,0,0,0,0,0,0,0,0,0,0,0,0,0,0,0,0,0,0,0,0,0,0,0,0,0,0,0,0,0,NA,0,0,0,0,0,0,0,0,0,0,0,0,0,0,0,0,0,0,0
"56",0.861850132061146,0.81562453287632,0.881491909803876,0.838240775268885,0.870002288531256,0.887655763351368,0.870936391580232,0.881997959619714,0.874407915060416,0.877739639432634,0.888121838576788,0.878925794221355,0.881986308500733,0.880292582083139,0.860578631970902,0.855947522603492,0.853570458409366,0.867055389489472,0.75463968359362,0.895751556455553,0.867589285313604,0.726329159895653,0.876007026503787,0.824078431019061,0.855555301199163,0.867508194333602,0.824152631320604,0.81470358568952,0.858249661480466,0.861485989182998,0.854045925423914,0.854291174769061,0.839927356260121,0.880068337479914,1,0.941729088451847,0.868695393017079,0.841396567140479,0.823981260040488,0.858593092925048,0.835235774120548,0.86768792124312,0.883631391942861,0.848594270894774,0.887056089329065,0.885496627056772,0.872539923698656,0.856099911588097,0.881140227528641,0.89073535079733,0.855427726147832,0.868490996221998,0.756981144922034,0,0,0,0,0,0,0,0,0,0,0,0,0,0,0,0,0,0,0,0,0,0,0,0,0,0,0,0,0,0,0,0,0,0,NA,0,0,0,0,0,0,0,0,0,0,0,0,0,0,0,0,0,0
"57",0.939089261324968,0.899083170151904,0.949525662478236,0.929354673963947,0.969653951371846,0.950501234569361,0.967411998302191,0.968081857869928,0.964971985987189,0.966382233310494,0.964868702229071,0.964393749828893,0.969044143016603,0.95580599782735,0.92780362015907,0.941154686089522,0.955053637444256,0.942011548849099,0.835048127246929,0.948524714131396,0.948684777298928,0.823744126786749,0.967558039643323,0.943946576924224,0.955340590584932,0.962237803369661,0.942164805048249,0.934939194741011,0.955848794558815,0.958593679033599,0.951884506016439,0.952614626235847,0.949712056434394,0.963674909079499,0.941729088451847,1,0.959194510195301,0.951201094564027,0.936278433940527,0.961975668138801,0.937182937530492,0.956499166616678,0.97194690115484,0.933549632925091,0.955471697305972,0.96083220620136,0.967269560585939,0.953190919435183,0.971254765671494,0.966632036654751,0.922227942559721,0.953405604043018,0.844764144686138,0,0,0,0,0,0,0,0,0,0,0,0,0,0,0,0,0,0,0,0,0,0,0,0,0,0,0,0,0,0,0,0,0,0,0,NA,0,0,0,0,0,0,0,0,0,0,0,0,0,0,0,0,0
"58",0.93121348762544,0.899439242469655,0.928386951093004,0.92894420438254,0.978330322666033,0.965535220597702,0.968702990002388,0.977497040823985,0.961139293292256,0.976237401915193,0.97528784357762,0.973666881147644,0.983153748298051,0.928376893170895,0.926836203540303,0.941446382360718,0.968290968537755,0.946901883791502,0.830182761763299,0.954056938943639,0.945609945427111,0.808180881953717,0.947030308333642,0.959992163937944,0.972499395092139,0.973086355335642,0.964183894993323,0.965872391138795,0.967241455205631,0.972039645257878,0.969077898303731,0.968015380904832,0.974291990382055,0.972929577103554,0.868695393017079,0.959194510195301,1,0.968104444750575,0.971695653436903,0.985385906137551,0.94842051857884,0.971971056402539,0.978801249592685,0.932490339512427,0.939978973720467,0.979909591098006,0.970588546811564,0.96011294846172,0.958927754018802,0.962633328846533,0.91174203453206,0.973044248149347,0.830387351869997,0,0,0,0,0,0,0,0,0,0,0,0,0,0,0,0,0,0,0,0,0,0,0,0,0,0,0,0,0,0,0,0,0,0,0,0,NA,0,0,0,0,0,0,0,0,0,0,0,0,0,0,0,0
